  -1.6536403E-02
  -1.7783720E-02
  -1.8691991E-02
  -1.9238271E-02
  -1.9401846E-02
  -1.9188989E-02
  -1.8652786E-02
  -1.7852435E-02
  -1.6866347E-02
  -1.5778795E-02
  -1.4664463E-02
  -1.3566898E-02
  -1.2523484E-02
  -1.1548110E-02
  -1.0632675E-02
  -9.7613866E-03
  -8.9192027E-03
  -8.0865566E-03
  -7.2598401E-03
  -6.4435750E-03
  -5.6349142E-03
  -4.8501478E-03
  -4.1224696E-03
  -3.4976928E-03
  -3.0349623E-03
  -2.8162024E-03
  -2.9040771E-03
  -3.3279092E-03
  -4.0777978E-03
  -5.1300791E-03
  -6.4579542E-03
  -8.0066454E-03
  -9.7057587E-03
  -1.1491654E-02
  -1.3289102E-02
  -1.5003080E-02
  -3.4246560E-02
  -3.8103569E-02
  -4.0880714E-02
  -4.2239193E-02
  -4.1982718E-02
  -4.0148620E-02
  -3.7050825E-02
  -3.3128716E-02
  -2.8906945E-02
  -2.4917223E-02
  -2.1532470E-02
  -1.8920671E-02
  -1.7114440E-02
  -1.6059592E-02
  -1.5583939E-02
  -1.5501937E-02
  -1.5555849E-02
  -1.5395343E-02
  -1.4691906E-02
  -1.3195833E-02
  -1.0813540E-02
  -7.7024833E-03
  -4.2404858E-03
  -9.1535028E-04
   1.8069559E-03
   3.5852056E-03
   4.2462014E-03
   3.6711507E-03
   1.8411368E-03
  -1.1222173E-03
  -5.0231460E-03
  -9.5936609E-03
  -1.4549408E-02
  -1.9651107E-02
  -2.4738876E-02
  -2.9676683E-02
  -4.7482494E-02
  -5.5207666E-02
  -6.1016705E-02
  -6.3735805E-02
  -6.2833399E-02
  -5.8456507E-02
  -5.1191077E-02
  -4.2095564E-02
  -3.2609060E-02
  -2.4117958E-02
  -1.7620081E-02
  -1.3604498E-02
  -1.2015979E-02
  -1.2627029E-02
  -1.5079516E-02
  -1.8848617E-02
  -2.3141913E-02
  -2.6896557E-02
  -2.8824883E-02
  -2.7701110E-02
  -2.2916155E-02
  -1.4934235E-02
  -5.2670725E-03
   4.0681614E-03
   1.1318541E-02
   1.5564425E-02
   1.6748734E-02
   1.5291914E-02
   1.1581526E-02
   5.9842095E-03
  -9.9290581E-04
  -8.6330278E-03
  -1.6277315E-02
  -2.3679968E-02
  -3.1172074E-02
  -3.9165974E-02
  -4.3764289E-02
  -5.6714851E-02
  -6.6638045E-02
  -7.1761832E-02
  -7.1523435E-02
  -6.6023357E-02
  -5.5796385E-02
  -4.2190768E-02
  -2.7360385E-02
  -1.3823361E-02
  -3.8114730E-03
   1.7388493E-03
   2.8678272E-03
  -5.7840221E-05
  -6.5393648E-03
  -1.5722012E-02
  -2.6334889E-02
  -3.6632109E-02
  -4.4034053E-02
  -4.5293108E-02
  -3.8039289E-02
  -2.2716574E-02
  -2.8658670E-03
   1.6418174E-02
   3.0513259E-02
   3.6911618E-02
   3.6000933E-02
   3.0409701E-02
   2.2664081E-02
   1.3845760E-02
   4.7947951E-03
  -3.2251941E-03
  -9.3390206E-03
  -1.4450722E-02
  -2.0983195E-02
  -3.0889817E-02
  -1.9226270E-02
  -3.8749579E-02
  -5.4378636E-02
  -6.3867994E-02
  -6.6272065E-02
  -6.1450783E-02
  -5.0066903E-02
  -3.3688702E-02
  -1.4943417E-02
   2.4134645E-03
   1.5017522E-02
   2.1195447E-02
   2.1113988E-02
   1.5567280E-02
   5.5208975E-03
  -7.6306914E-03
  -2.2790924E-02
  -3.9296832E-02
  -5.4653760E-02
  -6.2783211E-02
  -5.6992222E-02
  -3.5649039E-02
  -3.7373619E-03
   2.9638397E-02
   5.5023529E-02
   6.5736614E-02
   6.1292607E-02
   4.7877807E-02
   3.3090904E-02
   2.0631015E-02
   1.1982629E-02
   8.9556733E-03
   1.1196969E-02
   1.4201800E-02
   1.1467867E-02
  -5.0569366E-04
   1.7144794E-02
  -8.4552960E-03
  -3.1417940E-02
  -4.8030842E-02
  -5.4422662E-02
  -4.9525704E-02
  -3.5791796E-02
  -1.6939830E-02
   3.3412080E-03
   2.1339200E-02
   3.3577647E-02
   3.8047463E-02
   3.5127062E-02
   2.6339062E-02
   1.3841920E-02
  -1.3181011E-05
  -1.5730862E-02
  -3.6784995E-02
  -6.2905356E-02
  -8.4651135E-02
  -8.8018335E-02
  -6.4962298E-02
  -2.0155219E-02
   3.1697199E-02
   7.4336149E-02
   9.4352394E-02
   8.8340364E-02
   6.6389918E-02
   4.3289218E-02
   2.6907150E-02
   2.0551298E-02
   2.6951229E-02
   4.1861352E-02
   5.4664612E-02
   5.5337783E-02
   4.0931713E-02
   5.0628114E-02
   2.2846820E-02
  -6.8517895E-03
  -3.1617239E-02
  -4.1423097E-02
  -3.4644846E-02
  -1.7381348E-02
   3.2768559E-03
   2.1824684E-02
   3.5793975E-02
   4.4222541E-02
   4.5863636E-02
   4.0221434E-02
   2.8419878E-02
   1.4250387E-02
   1.5550471E-03
  -1.3021307E-02
  -3.8384307E-02
  -7.7125609E-02
  -0.1164914    
  -0.1330189    
  -0.1100671    
  -5.0910909E-02
   2.1627650E-02
   8.2194872E-02
   0.1122493    
   0.1065284    
   7.8112088E-02
   4.8342332E-02
   2.9201731E-02
   2.6485365E-02
   4.2882182E-02
   6.8685792E-02
   8.7497048E-02
   8.9453436E-02
   7.4768424E-02
   6.7683518E-02
   4.3722283E-02
   1.1621813E-02
  -1.7701600E-02
  -2.8062694E-02
  -1.9811364E-02
  -1.6474013E-03
   1.8474229E-02
   3.3005781E-02
   4.0070903E-02
   4.2903185E-02
   4.2205982E-02
   3.5190638E-02
   2.0854389E-02
   4.6550888E-03
  -7.8748809E-03
  -2.2878494E-02
  -5.2695703E-02
  -0.1011640    
  -0.1528934    
  -0.1777656    
  -0.1523156    
  -7.8888342E-02
   1.0093261E-02
   7.9950497E-02
   0.1124874    
   0.1045296    
   7.1056627E-02
   3.7372530E-02
   1.7990766E-02
   2.0264970E-02
   4.4599153E-02
   7.5443745E-02
   9.5055461E-02
   9.7755216E-02
   8.6392634E-02
   6.1900847E-02
   4.6426710E-02
   1.7986018E-02
  -9.1980668E-03
  -1.6539620E-02
  -8.8740997E-03
   6.3161612E-03
   2.3876447E-02
   3.4982953E-02
   3.6588989E-02
   3.4395363E-02
   3.1171288E-02
   2.2023959E-02
   4.5187217E-03
  -1.4054844E-02
  -2.7523123E-02
  -4.3528944E-02
  -7.4442096E-02
  -0.1235872    
  -0.1753296    
  -0.1987868    
  -0.1678916    
  -8.6485393E-02
   6.4564124E-03
   7.2483271E-02
   9.7086750E-02
   8.1105702E-02
   4.1641153E-02
   6.2340391E-03
  -1.0135779E-02
  -1.7991330E-03
   2.6849778E-02
   5.6806978E-02
   7.4393444E-02
   7.8379489E-02
   7.2150193E-02
   3.8611621E-02
   3.2273173E-02
   1.1308538E-02
  -8.9333793E-03
  -1.1397749E-02
  -4.5113536E-03
   7.6044034E-03
   2.1940192E-02
   3.0819464E-02
   3.0319361E-02
   2.5222003E-02
   1.8898148E-02
   5.6743049E-03
  -1.4895988E-02
  -3.3490628E-02
  -4.5600198E-02
  -5.8801983E-02
  -8.3365619E-02
  -0.1224896    
  -0.1633424    
  -0.1784352    
  -0.1439610    
  -6.8220913E-02
   1.1645857E-02
   6.3157350E-02
   7.3473349E-02
   4.5974776E-02
   1.0071415E-03
  -3.2700278E-02
  -4.1970536E-02
  -2.7336517E-02
   6.0223241E-04
   2.4977906E-02
   3.8971480E-02
   4.2910244E-02
   4.0906984E-02
   1.2863471E-02
   1.2174234E-02
  -1.3369401E-03
  -1.4138928E-02
  -1.2484312E-02
  -4.1875299E-03
   7.5748404E-03
   1.7300207E-02
   2.2043688E-02
   2.0130603E-02
   1.4410437E-02
   7.3002465E-03
  -7.6330118E-03
  -2.7131699E-02
  -4.0665485E-02
  -4.6877727E-02
  -5.1923163E-02
  -6.3563913E-02
  -8.6133450E-02
  -0.1110110    
  -0.1172343    
  -8.6516254E-02
  -3.1379130E-02
   2.1456724E-02
   5.1737498E-02
   4.6039715E-02
   1.0311999E-02
  -3.2876309E-02
  -5.8015384E-02
  -5.6391351E-02
  -3.6714301E-02
  -1.4295686E-02
   4.1812903E-04
   7.7845771E-03
   8.8327983E-03
   9.7778188E-03
  -1.3708586E-03
  -1.6725451E-03
  -9.5275920E-03
  -1.6383544E-02
  -1.2785443E-02
  -2.4350730E-03
   8.8209007E-03
   1.1785384E-02
   9.8225567E-03
   4.7576418E-03
  -2.7772094E-04
  -3.6059371E-03
  -1.3407430E-02
  -2.5782142E-02
  -3.1252585E-02
  -3.0096838E-02
  -2.5864532E-02
  -2.3815176E-02
  -2.8502094E-02
  -3.7019156E-02
  -3.8594168E-02
  -1.9714747E-02
   7.6544522E-03
   2.9540502E-02
   3.6097668E-02
   1.6501961E-02
  -1.7509855E-02
  -4.6723567E-02
  -5.6685761E-02
  -4.4492904E-02
  -2.3655176E-02
  -9.6057691E-03
  -6.8835332E-03
  -8.6126300E-03
  -1.0866542E-02
  -6.5323808E-03
  -1.3272464E-03
  -4.1565057E-03
  -7.8976545E-03
  -1.0355870E-02
  -7.1074516E-03
   2.3018701E-03
   9.5152045E-03
   6.9344505E-03
   9.1006607E-04
  -6.4522238E-03
  -1.0083652E-02
  -8.5149817E-03
  -1.0422653E-02
  -1.4574614E-02
  -1.4791129E-02
  -1.0088982E-02
  -9.7147009E-04
   1.0070298E-02
   1.9241750E-02
   2.2997255E-02
   2.1781236E-02
   2.6362346E-02
   2.9949425E-02
   2.8816631E-02
   1.7896742E-02
  -6.5907901E-03
  -2.8005222E-02
  -3.7163462E-02
  -3.3112805E-02
  -1.6903657E-02
  -1.0365603E-03
   4.2337351E-03
  -3.1138125E-03
  -1.1324590E-02
  -1.3385825E-02
  -5.5610230E-03
   6.1663203E-03
   2.4102924E-03
   1.0538787E-03
   7.7813148E-04
   2.3812244E-03
   7.7905990E-03
   9.5900046E-03
   6.0929800E-03
   1.2635761E-03
  -4.4878433E-03
  -5.5751586E-03
  -2.4786040E-03
  -1.1537095E-03
  -1.7324159E-03
  -1.4571875E-03
   2.5785449E-03
   1.1564584E-02
   2.4866307E-02
   3.8859703E-02
   4.6521280E-02
   4.3910097E-02
   3.9010946E-02
   3.0130794E-02
   2.0022554E-02
   5.9680324E-03
  -1.0980025E-02
  -1.7784499E-02
  -1.4067232E-02
  -4.7123018E-03
   8.0446769E-03
   1.5437318E-02
   1.4103755E-02
   2.8314674E-03
  -5.4307044E-03
  -4.8415805E-03
   3.6325469E-03
