         1949  0.2243862     -0.2445854    
         1950  0.2319465     -0.2727934    
         1951  0.2389315     -0.2933339    
         1952  0.2437292     -0.3056880    
         1953  0.2450514     -0.3093872    
         1954  0.2420057     -0.3045735    
         1955  0.2334159     -0.2924473    
         1956  0.2193300     -0.2743474    
         1957  0.2003455     -0.2520470    
         1958  0.1772403     -0.2274521    
         1959  0.1513516     -0.2022515    
         1960  0.1236760     -0.1774301    
         1961  9.5537804E-02 -0.1538334    
         1962  6.8750404E-02 -0.1317753    
         1963  4.5121793E-02 -0.1110728    
         1964  2.6445566E-02 -9.1368653E-02
         1965  1.4235083E-02 -7.2322704E-02
         1966  8.6635649E-03 -5.3492445E-02
         1967  9.6283602E-03 -3.4796286E-02
         1968  1.6194811E-02 -1.6336486E-02
         1969  2.6916618E-02  1.9513461E-03
         1970  4.0667359E-02  1.9698804E-02
         1971  5.6332137E-02  3.6155216E-02
         1972  7.3463425E-02  5.0284516E-02
         1973  9.1606200E-02  6.0749147E-02
         1974  0.1101463      6.5696396E-02
         1975  0.1278619      6.3709110E-02
         1976  0.1441631      5.4124165E-02
         1977  0.1580286      3.7165467E-02
         1978  0.1690707      1.3368169E-02
         1979  0.1784056     -1.6661670E-02
         1980  0.1866669     -5.1685255E-02
         1981  0.1940973     -9.0110630E-02
         1982  0.2016619     -0.1304986    
         1983  0.2089090     -0.1711478    
         1984  0.2165962     -0.2099093    
         1985  0.1678887     -0.6450998    
         1986  0.2028946     -0.7323259    
         1987  0.2548342     -0.7951309    
         1988  0.3097230     -0.8258529    
         1989  0.3528415     -0.8200527    
         1990  0.3743206     -0.7785746    
         1991  0.3697750     -0.7085181    
         1992  0.3413966     -0.6198198    
         1993  0.2954893     -0.5243446    
         1994  0.2386656     -0.4341172    
         1995  0.1752722     -0.3575712    
         1996  0.1039000     -0.2985055    
         1997  2.4685994E-02 -0.2576576    
         1998 -5.7277605E-02 -0.2338023    
         1999 -0.1302893     -0.2230454    
