    122.7309    
    124.7798    
   0.3095329    
    71.58429    
   -210.4869    
    24.98577    
   -239.4936    
    130.8483    
    45.74964    
   -76.69824    
    52.43341    
   -12.06040    
   -459.3463    
   -142.8253    
    247.8818    
   -279.0375    
    124.5002    
    11.02936    
   -235.1578    
    30.16363    
    221.1668    
   -64.66191    
    137.6278    
    6.105844    
   -52.99115    
    506.0659    
   -70.81778    
    42.59644    
   -19.36214    
   0.6770880    
   -160.2987    
   -50.92780    
    129.7441    
    34.37104    
    76.90493    
   -84.33954    
   -183.3945    
    328.8934    
    284.9789    
    239.3469    
   -6.111086    
   -117.7568    
   -203.3535    
    113.9090    
   -377.1696    
    26.47046    
    59.87822    
    128.5665    
    23.35615    
   -32.77129    
   -142.9710    
    133.1904    
   -81.81067    
   -116.9720    
   -202.5811    
   -264.5299    
   -33.01396    
   -236.3389    
    54.95349    
    23.52348    
    111.6236    
   -176.8279    
    330.1949    
   -187.7880    
   -212.4100    
    294.0946    
   -3.860579    
   -66.55806    
   -110.5094    
   -72.56991    
    121.9058    
   -187.0882    
   -213.4979    
   -181.3663    
    224.7461    
   -58.75637    
   -400.5906    
    188.9545    
   -32.38790    
   -398.3219    
   -96.07886    
    162.9707    
    89.72479    
    219.2870    
    58.96825    
    198.7741    
    84.45706    
    207.3199    
    149.6316    
    35.62727    
    184.4728    
   -52.21505    
    233.4457    
   -174.4804    
   -75.53079    
    103.9666    
    189.2888    
    86.90808    
   -40.13834    
    117.6068    
    111.9622    
    144.6146    
    76.44675    
   -483.2837    
   -238.9255    
   -176.2294    
    117.2810    
    341.7995    
    35.49874    
    4.429760    
    288.6877    
   -160.3186    
    282.5686    
   -175.2520    
    155.7854    
    178.7579    
   -52.20794    
    32.30056    
   -20.91336    
    145.8242    
   -47.06500    
    174.6736    
    35.07095    
    79.04393    
   -178.3304    
   -557.7923    
   -63.54353    
    24.51891    
    68.42039    
   -8.792698    
   -206.3433    
   -258.4983    
    301.3091    
    37.68709    
   -173.3098    
   -124.1947    
    202.5069    
    63.11227    
    18.89626    
    78.13872    
    328.9160    
    47.00381    
    15.57665    
   -103.4569    
    213.6295    
   -33.97436    
    214.1416    
   -60.55991    
    202.7162    
   -97.33090    
   -156.4872    
    37.92931    
    55.07345    
   -16.49897    
    104.1008    
    129.1465    
    332.7752    
    253.1805    
   -141.2156    
   -213.5419    
    225.6598    
   -391.7150    
    218.2876    
   -236.6135    
   -51.03576    
   -220.8807    
    116.6555    
    124.1096    
   -53.73618    
   -659.8735    
   -76.91215    
   -72.91364    
    137.7703    
   -308.5107    
    256.5184    
    89.71757    
    232.4716    
   -84.80154    
   -211.5225    
    84.17812    
    50.28273    
   -53.42552    
    313.0980    
    253.1775    
   -434.6934    
   -508.0117    
    145.1490    
    14.62969    
    149.7002    
   -41.04205    
   -249.6343    
   -109.5696    
   -138.4414    
   -45.83648    
    183.0197    
    106.9699    
    66.42707    
   -271.3021    
    256.9441    
   -255.9632    
   -197.2965    
   -69.59552    
    119.1481    
   -111.7717    
    81.04120    
   -251.0803    
   -97.13843    
    278.7599    
   -70.08548    
    5.431479    
    82.49700    
    105.1455    
    382.2720    
   -214.7647    
   -378.5380    
    192.6197    
    330.2169    
    253.1247    
    74.29118    
    134.7317    
   -52.46785    
   -120.6184    
    80.47299    
   -541.1024    
    175.2257    
    106.7703    
   -64.53169    
   -85.93629    
    181.5504    
   -155.9527    
   -88.64304    
    17.38750    
    233.1968    
   -108.2940    
    284.4962    
   -50.67443    
    119.3708    
    62.95567    
    246.9261    
    123.0189    
    11.19920    
    56.89587    
    156.2690    
    50.85551    
    149.1449    
    80.16408    
   -90.21015    
   -277.3149    
    85.60744    
    2.627676    
    112.2278    
   -220.7699    
    150.3492    
   -106.3262    
    151.1627    
    45.16256    
   -241.9435    
   -5.770618    
   -94.58058    
   -101.4554    
   -60.16222    
   -39.09232    
   -182.0850    
    87.65858    
   -279.6398    
    328.2555    
   -393.7404    
   -228.4899    
   -17.54484    
   -219.4336    
   -105.9367    
    62.97778    
    69.67851    
   -185.0939    
    127.5805    
    426.5080    
   -52.58466    
    280.7430    
    304.8328    
    43.91118    
    422.2185    
   -263.4446    
    102.7255    
    858.8128    
    172.0375    
   -202.5146    
    49.79179    
   -19.51582    
    110.6268    
   -130.5639    
   -13.37069    
   -510.5066    
    112.5119    
    228.3073    
    63.50384    
    82.46696    
    8.407190    
    272.6991    
    190.8746    
   -65.59671    
    55.29644    
   -345.3930    
    385.5448    
   -146.0773    
    165.1466    
   -49.87844    
   -20.56112    
    364.0501    
   -156.1799    
   -47.60360    
    64.84155    
    27.12518    
   -155.2775    
    111.7422    
    48.94084    
    181.5855    
    240.4541    
   -200.7331    
   -267.9007    
    22.19751    
    341.8392    
    130.3662    
   -13.31123    
   -140.6861    
   -200.0020    
    53.26517    
   -169.2248    
    43.82379    
   -88.87551    
    196.2573    
    54.82855    
    31.96288    
   -151.5183    
   -144.7218    
   -181.5667    
   -67.48812    
   -146.2415    
   -5.093687    
   -80.95784    
    75.13712    
    142.7047    
   -179.1513    
   -84.41921    
   -246.0652    
   -59.32919    
    219.1076    
   -6.149766    
    187.5252    
   -160.8953    
   -301.9367    
    171.5335    
    2.023782    
    170.3882    
   -263.5618    
    99.53835    
   -111.2503    
   -132.8233    
    94.50225    
   -105.1476    
    172.3722    
    60.74660    
    99.03156    
   -22.01015    
    193.9711    
   -195.6864    
   -432.2457    
    519.0029    
   -100.9215    
   -32.32673    
    196.5506    
   -60.64849    
    258.0312    
    173.2342    
    28.73640    
   -49.84782    
    227.6485    
    76.36236    
   -81.56261    
   -128.1941    
   -177.5247    
   -223.4440    
   -114.0401    
    43.33919    
   -161.5707    
    62.71436    
    425.1135    
   -206.1982    
   -187.6877    
   -186.1770    
    267.4167    
   -302.3104    
   -17.06613    
    192.5841    
   -397.0024    
    176.4274    
   -81.17343    
   -233.8486    
   -42.29025    
    166.4349    
   -76.63584    
    67.83704    
    72.43011    
    88.58036    
   -12.84223    
   -15.20266    
    296.0584    
   -155.7990    
   -96.32423    
   -341.0147    
   -51.45721    
    13.11028    
   -59.45137    
   -167.0552    
   -87.88134    
    307.2270    
    207.0542    
   -145.5803    
    292.3784    
    85.63232    
    117.6198    
    38.03789    
   -127.1483    
   -288.7796    
   -79.09212    
   -188.5705    
   -147.2676    
    20.53986    
    39.45763    
    156.5643    
    542.1996    
   -414.6029    
    222.8054    
    110.5600    
   -195.7181    
   -108.3935    
   -142.2696    
    566.4986    
   -10.31230    
    349.5389    
    162.0761    
   -61.92771    
   -64.28225    
  -0.5512116    
    97.31658    
   -98.73624    
    46.68195    
   -51.82716    
   -264.9257    
   -47.41241    
    116.8298    
    123.3225    
    70.76571    
   -48.99747    
   -18.83067    
   -330.7111    
    20.28876    
   -219.8054    
   -165.4798    
    11.73539    
   -95.77003    
    570.8898    
   -91.31326    
   -261.4589    
    23.32777    
   -28.89199    
    134.0827    
   -78.42810    
   -360.6567    
    10.42293    
   -232.9289    
    47.47447    
    145.7628    
   -277.4363    
    62.67160    
   -180.5408    
   -138.8406    
   -61.86486    
    208.9884    
    108.1720    
    132.4759    
    310.6569    
    85.85420    
    227.5762    
   -220.0732    
    193.7858    
   -24.72749    
   -300.3723    
   -317.9857    
    71.15518    
   -143.7825    
    185.4644    
   -120.8529    
   -32.94398    
    18.77073    
    117.9625    
   -198.2975    
    5.973726    
    253.9507    
   -265.2039    
   -22.62295    
    88.66628    
   -315.7754    
    109.8338    
   -174.7194    
   -40.81990    
    342.8781    
   -24.05559    
    223.6483    
   -227.8956    
   -140.9753    
   -195.5856    
    293.2367    
    170.2227    
    90.34757    
   -144.4127    
    15.95500    
   -115.1024    
    127.7564    
    531.5312    
    177.7817    
    112.9010    
    270.7491    
    319.2598    
    211.6001    
    269.9048    
    161.1299    
   -181.2304    
    258.0722    
    9.353421    
    206.5687    
   -5.106149    
   -124.6681    
    169.8926    
   -210.8723    
   -217.8918    
   -436.1439    
   -66.72114    
   -145.3575    
    202.9385    
    108.1769    
    354.1691    
   -203.6725    
    225.2589    
    100.2145    
    261.2472    
   -125.5019    
    124.9697    
   -10.24589    
    111.1731    
   -354.0394    
   -98.90005    
    228.9651    
    122.6189    
    90.03979    
   -54.80363    
   -280.3475    
   -316.9625    
    166.2264    
    11.58254    
   -32.91486    
    67.15105    
   -11.20226    
   -70.73204    
    129.0795    
   -73.20024    
    101.9130    
    57.32400    
   -75.44044    
    55.71635    
   -278.6184    
    68.11047    
   -467.1021    
   -193.4242    
    254.0157    
   -233.5056    
    59.10289    
   -73.20262    
   -340.2735    
    187.8330    
   -15.08695    
   -23.71997    
    174.7055    
    92.84224    
   -337.4978    
    176.6120    
    32.84435    
   -198.0778    
    439.7648    
    180.5181    
   -239.0545    
   -223.2565    
    43.63982    
    31.19264    
   -3.392847    
    90.87956    
    72.87746    
    57.80852    
    706.8752    
    224.6512    
   -114.8307    
   -211.2059    
   -65.29060    
    214.0155    
    174.9491    
    152.3551    
    48.87848    
   -64.22193    
    93.35095    
    197.5394    
    33.01131    
    89.62027    
    52.32185    
   -168.1741    
    70.89754    
   -83.19902    
    229.1296    
    277.9389    
   -181.7913    
    364.3215    
    337.5139    
   -200.8647    
    230.4039    
   -176.8279    
   -186.5162    
    195.0861    
   -252.5461    
    188.1888    
   -210.4341    
   -145.4128    
   -263.0218    
   -179.0613    
    388.8265    
   -53.17156    
    248.2138    
    196.6196    
    243.7401    
    71.13058    
   -95.20008    
    149.2284    
    167.2334    
   -190.4751    
   -96.59402    
   -245.7280    
    44.68583    
   -131.0047    
   -97.76328    
   -61.35669    
   -173.8553    
    28.21766    
   -52.90399    
   -444.8468    
   -70.13291    
   -96.05604    
    109.3496    
   -232.8659    
    206.6932    
    77.56033    
    14.60597    
    73.03817    
   -91.84122    
    81.80157    
    69.96311    
    36.32970    
   -207.8410    
    157.7009    
    66.70453    
    133.7916    
   -113.6218    
   -54.36135    
    223.7609    
   -460.8983    
   -524.9681    
   -27.36856    
    312.7968    
    75.95778    
   -152.0696    
    76.89610    
    1.264891    
   -250.3511    
    93.58112    
   -233.3999    
    148.5226    
    138.7914    
   -51.33969    
   -267.8925    
    452.2485    
   -279.3422    
    153.3398    
   -93.93219    
   -180.1092    
    21.77790    
    512.7652    
   -242.5414    
    101.3809    
    45.49814    
    135.7502    
   -46.49236    
   -79.38285    
    278.1396    
    403.5918    
    71.11265    
    104.9466    
    203.9134    
   -123.4388    
   -22.72364    
    213.4660    
    223.6188    
   -155.8328    
   -40.09866    
   -82.59159    
    12.67648    
   -137.8889    
   -125.7282    
   -42.32471    
    304.1596    
    258.5421    
   -57.14104    
   -203.7832    
   -272.3370    
   -57.64826    
    189.9985    
   -178.8359    
   -70.45245    
   -83.65722    
    454.9160    
    376.1564    
   -425.7204    
    158.2043    
   -97.80798    
    541.2895    
    212.0354    
   -89.95139    
    156.7509    
   -243.2491    
   -73.96790    
    58.90901    
   -312.5174    
    175.7687    
    48.38772    
   -435.8598    
   -200.0729    
    29.87392    
   -10.08539    
    265.2247    
   -288.8112    
    311.3303    
   -75.16702    
   -61.57087    
   -281.5184    
   -266.8589    
   4.3866061E-02
   -117.7060    
   -117.1692    
    384.3484    
   -197.2304    
   -281.5313    
   -3.127813    
   -75.53703    
   -160.9028    
   -109.5516    
    195.0142    
    24.31436    
    8.101373    
    173.8538    
   -214.4448    
   -79.11713    
   -35.68134    
   -31.70543    
   -27.94057    
    162.5028    
   -3.360861    
   -182.2693    
    127.7374    
    166.5373    
    97.87102    
    245.2418    
    165.4759    
   -52.74929    
    274.8056    
   -430.9941    
    103.0699    
    210.2715    
    46.02973    
   -97.57451    
    253.1066    
   -74.55784    
   -189.8608    
   -36.28668    
   -121.2193    
    212.5158    
    141.5858    
    67.49273    
    94.41145    
   -469.0915    
   -215.6695    
   -129.3840    
   -2.572071    
    178.8728    
    304.4606    
    14.59279    
   -112.6928    
   -101.6678    
    7.721825    
   -47.58825    
    53.58901    
    46.22639    
    316.5162    
    160.6734    
    18.23650    
    148.0449    
    61.61855    
   -3.814837    
    231.3154    
   -273.8561    
    17.50571    
    210.3615    
   -48.85114    
    176.2068    
   -113.4169    
    94.41596    
   -124.3348    
   -121.4560    
    46.44114    
    8.858117    
    297.6862    
   -81.43406    
    104.3795    
   -201.1001    
   -444.0202    
    56.71907    
   -119.1447    
   -168.9828    
    176.6751    
    172.4793    
    67.61635    
    84.99752    
    286.1849    
    276.9316    
   -92.28490    
    21.90513    
   -26.34752    
    19.34522    
    28.70808    
   -193.6554    
   -177.9058    
   -183.7854    
   -395.5715    
   -233.3793    
   -88.27797    
   -61.55661    
   -182.0842    
   -11.31861    
   -39.17984    
    209.2483    
    391.6535    
   -220.7574    
   -4.759236    
    311.2626    
   -45.40676    
    116.6740    
    58.90977    
   -11.42995    
    111.6231    
    354.7745    
    8.858371    
    78.99586    
   -67.87727    
    157.2671    
    39.06163    
    294.3835    
   -2.988079    
   -327.9822    
    40.10771    
   -392.7964    
   -133.0793    
    646.0182    
   -228.6383    
   -372.3078    
   -148.4415    
    501.3733    
    42.14695    
    305.8041    
   -197.8597    
   -17.75526    
    10.26147    
    178.1785    
   -432.3549    
   -272.4950    
   -165.1191    
    35.29845    
  -0.9915769    
    142.4707    
    1.072260    
   -109.3465    
    146.7410    
   -401.6817    
    107.7160    
    500.5209    
   -297.3236    
    70.01114    
   -482.3667    
    294.8020    
    286.7605    
    214.9167    
   -146.9178    
    118.7068    
    196.8189    
    57.43618    
   -339.0779    
   -117.2867    
   -16.30915    
    117.9739    
   -121.4158    
   -226.2143    
    84.12628    
    276.5455    
   -140.7187    
   -78.28207    
    255.1087    
   -233.9646    
   -181.6247    
   -87.78008    
    156.3255    
    227.3163    
   -309.2630    
    221.7824    
   -570.5444    
   -49.70697    
   -153.8654    
    270.5888    
    296.3517    
    137.5080    
   -362.7773    
   -28.34982    
    63.26451    
   -240.5948    
   -220.4056    
   -143.4685    
    322.2918    
   -375.0438    
   -56.03813    
   -103.5631    
    72.78564    
    448.9478    
    119.4273    
   -18.31012    
   -8.961268    
    26.12861    
   -303.9833    
   -53.36947    
    163.8481    
    102.7840    
   -31.24149    
   -382.3909    
    52.39426    
    16.59244    
    504.5249    
    236.7825    
    95.23579    
   -35.53311    
    90.76873    
   -281.0182    
    32.34900    
   -20.24106    
   -131.2823    
    69.09815    
    251.7628    
    2.240252    
   -7.690228    
    229.1903    
    199.3996    
    55.88276    
    160.6211    
   -126.2290    
    95.00343    
   -155.0172    
   -284.0827    
    397.1036    
   -610.5059    
   -513.1984    
   -141.1351    
   -255.2157    
    75.97377    
   -342.8538    
    238.2327    
   -29.51613    
   -17.66699    
   -110.2826    
   -744.0553    
    39.57544    
   -390.5717    
    324.3697    
   -272.4276    
   -86.97090    
   -13.05603    
    45.77681    
   -71.89639    
   -84.60388    
    316.1462    
   -175.5663    
    276.8661    
    96.30008    
    208.8011    
   -432.5628    
   -107.7903    
    128.7464    
    183.7334    
   -243.9613    
   -187.8819    
    161.3413    
   -33.39505    
    22.86304    
   -79.90546    
   -88.13509    
    52.76747    
    156.9122    
    117.9296    
   -203.2396    
   -30.27346    
   -14.20614    
   -125.4320    
   -287.1769    
   -76.04436    
   -92.33206    
    38.59171    
   -8.685258    
    100.0027    
   -124.5786    
    384.4201    
    10.68688    
   -286.8035    
    33.32498    
    124.9024    
   -212.5616    
    89.71663    
    310.7006    
    124.5900    
    439.4798    
    26.22334    
   -44.23624    
    237.8013    
    17.23469    
    23.25785    
    93.51039    
   -120.9745    
   -31.74457    
    132.4386    
    31.80089    
    174.4380    
    63.22968    
   -489.8274    
    17.47358    
    3.315187    
    328.2945    
    362.1169    
    212.9238    
   -288.4832    
   -123.4752    
   -371.6503    
    66.28986    
   -99.51102    
    142.3764    
    89.01734    
    192.7443    
    22.45174    
    62.51539    
   -118.7839    
   -196.0877    
   -94.04263    
   -3.443650    
    59.92962    
   -122.4691    
   -107.6678    
    236.5117    
    113.9801    
    12.47309    
    43.45389    
   -201.7520    
   -187.0270    
   -417.0333    
    29.16245    
    125.6766    
    274.0336    
   -326.8881    
    37.64975    
   -220.7460    
   -270.9620    
    94.75024    
   -96.13731    
   -48.57236    
   -13.14751    
    21.66600    
    147.8972    
   -1.806508    
   -151.8163    
   -70.69117    
    293.5659    
   -43.77140    
   -466.0375    
   -249.8556    
   -95.67722    
    255.4461    
   -10.96139    
    90.77753    
   -26.41682    
    144.6940    
   -187.3955    
    118.0637    
   -124.1935    
    93.75484    
   -199.5307    
   -67.39558    
   -32.41104    
    272.6991    
   -200.5494    
    114.0334    
    210.6894    
    205.5345    
   -27.42587    
   -78.94006    
    17.32986    
   -30.46191    
    49.19583    
   -144.3768    
    118.0605    
    138.6990    
    165.5065    
   -130.6821    
    119.9875    
   -722.4985    
    360.3828    
   -328.3712    
    97.66616    
   -203.9056    
    252.3624    
   -220.1583    
   -46.28615    
   -264.7490    
    3.835101    
   -121.4433    
   -106.2649    
    39.49752    
   -124.5432    
   -542.2317    
   -188.7902    
    145.0569    
   -124.1778    
   -175.0563    
    202.8077    
    35.01913    
   -360.6118    
    42.61098    
    301.8542    
    160.9724    
   -196.9729    
    37.97836    
    313.9894    
    67.80100    
   -134.2347    
   -259.2731    
   -235.3704    
    300.6072    
   -53.91761    
    18.78053    
   -66.49162    
   -348.5054    
   -216.5672    
    122.1478    
   -209.9297    
   -218.9483    
    86.12554    
    88.46980    
    77.37042    
   -156.2152    
   -150.8946    
   -318.9773    
   -17.18360    
   -75.49686    
   -346.7881    
   -192.1159    
    66.62186    
   -448.7897    
    154.7856    
    142.5871    
    8.091493    
   -305.2303    
    180.0361    
    28.20939    
   -337.5009    
    21.38447    
    107.7324    
    200.2815    
    279.7863    
   -305.4057    
   -286.4235    
    216.0590    
    82.90792    
    185.1567    
    93.95259    
    53.80873    
   -95.19819    
    306.1177    
    136.1727    
    72.95018    
    229.2149    
   -3.149663    
    128.3739    
   -82.86190    
    195.0423    
    180.3702    
   -103.2269    
    48.46141    
    61.69999    
  -0.9430425    
    3.048428    
   -68.51095    
    177.8404    
   -8.460718    
   -66.34976    
   -280.0320    
   -39.37677    
   -32.50768    
    60.19573    
   -22.13344    
   -103.6746    
   -103.7656    
    93.49825    
   -91.37563    
   -27.56538    
    92.06918    
   -7.040421    
    219.4919    
   -821.8382    
   -246.7586    
    453.0038    
    63.61709    
   -185.3130    
   -183.6760    
    246.4589    
    175.5260    
    95.91566    
    20.32306    
   -153.0847    
   -155.7504    
    233.2446    
    130.1735    
    11.42564    
   -682.5479    
   -188.8955    
    271.8791    
    140.0236    
    100.8719    
    160.3940    
    301.8205    
   -89.84431    
   -62.95148    
   -133.1845    
   -232.4975    
   -86.86861    
   -229.4081    
   -429.2768    
   -292.0507    
   -172.8692    
   -169.0299    
   -14.20708    
   -158.3182    
   -36.16169    
   0.5080452    
   -88.59392    
   -237.0173    
   0.3356362    
    47.99977    
    70.23949    
    169.0345    
    155.0050    
    74.97667    
    49.33026    
    137.1103    
   -51.10932    
   -64.86355    
    117.3176    
    553.4930    
    159.1934    
    354.8182    
   -291.3464    
   -39.56448    
    301.9997    
   -268.7586    
    309.4675    
    26.56367    
    354.1806    
    229.8806    
    175.4302    
   -41.11700    
   -93.69106    
   -29.25682    
    153.4917    
   -324.1969    
    271.3499    
    46.07484    
    344.8629    
   -7.102507    
    159.0086    
    40.53772    
    18.67464    
    84.76489    
    139.6154    
   -76.37225    
    146.1631    
   -378.8814    
   -104.1642    
   -90.52312    
   -55.48189    
    156.8152    
   -36.99418    
   -54.87862    
   -146.1709    
   -137.5217    
    55.86528    
    150.4893    
    71.97269    
    277.3716    
    43.50795    
   -206.0125    
   -329.4604    
   -275.4103    
    14.10424    
   -190.5928    
    112.6650    
    251.0355    
   -76.07610    
   -5.914820    
   -89.55796    
    68.54979    
    260.6505    
    184.7497    
    37.75407    
   -293.8193    
   -375.6182    
    155.9156    
   -189.4324    
   -40.93029    
   -50.54403    
   -93.92218    
    175.6071    
    206.9709    
   -296.5308    
    187.5769    
    76.90386    
   -158.0461    
   -234.0255    
   -149.5162    
   -198.6091    
    108.7573    
   -139.3504    
    76.01662    
    218.0856    
    88.68216    
   -70.74747    
    95.28357    
   -344.2028    
    57.36742    
    152.1195    
   -247.8717    
   -158.1275    
    81.95080    
   -32.31266    
   -153.6134    
    104.7946    
    11.51338    
    154.3786    
   -83.21516    
    268.6186    
   -23.86211    
    12.21614    
    66.47798    
    152.1038    
   -69.76848    
    52.02078    
   -154.6525    
   -328.7004    
    173.0667    
    58.87060    
   -86.47823    
    272.8067    
   -32.13030    
    55.84860    
   -103.9182    
    330.1949    
    525.6141    
    99.54111    
   -294.0929    
    40.13462    
   -15.14120    
   -103.0019    
   -28.28950    
    32.51556    
    148.6498    
    31.86720    
    222.7908    
    304.2083    
    60.07777    
   -364.5044    
   -98.14315    
    34.94830    
    151.0158    
    109.8638    
    64.94957    
   -342.6414    
    129.2655    
   -124.1947    
    34.88570    
   -39.63929    
    92.99436    
   -53.83252    
    299.9900    
   -170.7924    
    207.0980    
   -442.7227    
   -66.49162    
   -28.89216    
    103.7271    
   -125.5099    
   -272.1261    
   -172.0208    
   -178.9381    
    31.89497    
    195.4950    
   -138.8384    
   -183.5857    
    8.836368    
    139.6468    
    297.5338    
    88.90538    
    361.1299    
    174.9017    
    726.3907    
   -243.7182    
    159.7054    
   -324.6718    
    237.3467    
   -316.5087    
    53.22347    
    416.8517    
    238.6960    
    368.1948    
    292.2607    
   -100.8336    
    51.71867    
   -170.7358    
    37.01960    
    189.1779    
    224.4631    
    206.2599    
   -51.99004    
    327.9189    
   -351.7257    
   -22.48682    
    58.36996    
    39.76057    
    32.51856    
    31.52234    
   -21.15136    
    2.627830    
    162.2924    
    99.05856    
   -372.2715    
    9.762535    
    210.6220    
   -46.42486    
   -101.5101    
   -26.52310    
   -34.26731    
   0.2898225    
    133.4467    
    89.87183    
    95.46188    
    168.1641    
   -7.524280    
    263.9459    
    262.9550    
   -14.82010    
   -277.2358    
    223.0140    
    48.18980    
   -21.80970    
   -133.5907    
   -306.9277    
    580.2299    
    3.432858    
   -299.9382    
    583.3281    
   -130.2255    
   -6.788253    
   -266.2267    
    139.2969    
   -45.51199    
    20.11079    
    35.20681    
   -630.0949    
    287.3342    
    94.81771    
   -271.0199    
    24.08198    
   -86.47211    
    103.9330    
   -95.58901    
    228.5733    
   -301.8642    
   -448.3842    
    24.40166    
   -118.8896    
   -405.3779    
   -270.1404    
    31.24484    
   -6.251640    
    315.6095    
   -537.4836    
    122.7271    
    106.3282    
   -495.6830    
   -71.75002    
   -119.7413    
    68.86230    
    61.76405    
    96.41389    
   -345.8584    
   -48.86605    
   -5.863958    
    66.43458    
