    35.93750       35.93750       35.93750       35.93750       35.93750    
    35.93750       35.93750       35.93750       35.93750       35.93750    
    35.93750       35.93750       35.93750       35.93750       35.93750    
    35.93750       35.93750       35.93750       35.93750       35.93750    
    35.93750       35.93750       35.93750       35.93750       35.93750    
    35.93750       35.93750       35.93750       35.93750       35.93750    
    35.93750       35.93750       35.93750       35.93750       35.93750    
    35.93750       35.93750       35.93750       35.93750       35.93750    
    35.93750       35.93750       35.93750       35.93750       35.93750    
    35.93750       35.93750       35.93750       35.93750       35.93750    
    35.93750       35.93750       35.93750       35.93750       35.93750    
    35.93750       35.93750       35.93750       35.93750       35.93750    
    35.93750       35.93750       35.93750       35.93750       35.93750    
    35.93750       35.93750       35.93750       35.93750       35.93750    
    35.93750       35.93750       35.93750       24.70703       25.97656    
    28.07617       30.37109       30.90820       33.74023       37.54883    
    38.96484       43.75000       47.02148       50.92773       55.76172    
    60.40039       65.13672       70.45898       77.05078       82.61719    
    91.06445       99.36523       106.3965       117.2852       125.5371    
    136.9141       147.4609       158.4961       168.1641       180.1270    
    189.4043       199.2676       207.4707       214.9414       219.3848    
    223.2422       224.2676       222.4609       219.6289       214.8926    
    208.3984       199.9512       190.0879       178.8574       168.7988    
    158.5449       148.2910       138.6719       127.5879       119.0918    
    110.5469       101.3672       92.57813       85.25391       76.26953    
    67.91992       61.81641       54.68750       46.48438       41.06445    
    34.17969       28.32031       25.04883       21.14258       16.65039    
    16.50391       13.47656       13.33008       14.01367       14.79492    
    15.18555       16.89453       19.97070       20.89844       22.85156    
    24.70703       155.2246       139.8438       127.1973       118.0176    
    111.3770       108.0078       104.2969       101.8066       97.80273    
    92.82227       87.84180       83.15430       80.85938       82.37305    
    85.00977       89.74609       96.97266       102.0508       104.6387    
    106.7871       106.8359       106.3477       105.6152       110.3516    
    116.3574       132.3730       150.6348       175.2441       202.3438    
    231.2500       257.4707       282.7148       301.2695       309.4727    
    312.9883       307.6660       294.5801       278.2227       257.4219    
    235.8887       213.8672       193.4082       172.7539       154.1504    
    134.1797       112.3535       91.06445       67.43164       43.55469    
    22.46094       3.173828      -12.64648      -21.53320      -25.48828    
   -24.90234      -18.31055      -7.421875       8.105469       27.44141    
    50.63477       75.73242       104.1016       130.5176       155.6152    
    178.4668       196.7285       207.3730       212.9395       211.1816    
    201.7090       188.7695       172.7051       155.2246       31.44531    
    23.53516       25.09766       41.35742       67.82227       100.9277    
    132.6660       156.8848       167.2852       161.5234       142.0410    
    116.7969       96.19141       85.40039       91.40625       111.1816    
    139.4043       169.6777       194.6777       211.1328       216.3574    
    212.8906       199.8535       181.8359       164.5996       150.6348    
    148.3887       157.7637       181.5918       216.6504       259.3262    
    298.7305       334.1309       360.9863       371.1914       368.4082    
    350.0000       320.7520       281.2988       237.7930       194.9219    
    154.2480       116.6016       79.00391       39.40430      -3.906250    
   -52.78320      -102.3438      -146.8750      -185.2051      -209.1797    
   -218.4082      -213.2813      -193.4570      -163.4766      -126.8555    
   -89.84375      -54.24805      -23.48633       3.271484       26.12305    
    43.99414       58.39844       71.67969       82.56836       92.38281    
    100.9277       101.8066       97.99805       87.50000       68.75000    
    49.12109       31.44531      -129.5898      -103.3691      -71.82617    
   -34.08203       12.69531       63.86719       116.4063       164.6973    
    197.2656       200.7813       170.7031       112.0117       44.77539    
   -5.371094      -19.87305       1.611328       50.24414       109.2285    
    166.4063       216.8457       255.3711       277.9785       279.5898    
    257.7637       216.8457       171.4355       138.1348       130.1270    
    150.9277       195.7031       251.9531       309.2285       359.6191    
    396.8750       419.8730       424.1211       404.9805       359.3262    
    285.7910       191.5039       85.69336      -19.18945      -113.7207    
   -192.1875      -252.7344      -294.9707      -319.7754      -325.3418    
   -312.4023      -286.8164      -246.4355      -198.0957      -138.4277    
   -72.02148      -4.394531       54.49219       94.97070       111.5723    
    106.3477       80.85938       39.06250      -17.13867      -81.10352    
   -147.5098      -209.3750      -256.4941      -280.5176      -278.8574    
   -253.6621      -218.4082      -183.2031      -154.0527      -129.5898    
   -92.52930      -59.96094      -28.32031       3.662109       23.38867    
    30.17578       39.84375       59.27734       93.26172       120.1172    
    109.7656       49.46289      -42.48047      -125.4883      -155.3223    
   -126.8066      -62.10938       3.906250       56.49414       92.72461    
    120.1172       136.6699       133.2031       105.4688       64.35547    
    27.05078       18.65234       47.90039       111.3281       193.8965    
    278.1738       349.0723       400.3418       435.4492       461.0840    
    478.8086       484.3262       463.0859       404.2480       312.1582    
    185.5469       42.18750      -98.68164      -219.7266      -303.5645    
   -346.2402      -350.8789      -322.1191      -274.1699      -222.4609    
   -183.5938      -155.0293      -118.8965      -60.69336       16.94336    
    87.59766       124.6582       124.8535       95.41016       49.65820    
   -6.884766      -75.83008      -156.3965      -243.0664      -331.9336    
   -409.9121      -456.2988      -457.6172      -405.3223      -300.9277    
   -206.7383      -137.8906      -92.52930      -40.18555      -36.42578    
   -13.91602       24.46289       50.34180       40.08789      -3.906250    
   -57.66602      -89.55078      -89.20898      -82.03125      -110.4492    
   -181.3477      -247.4609      -251.9043      -178.4180      -73.33984    
    8.886719       41.55273       34.91211       7.617188      -26.80664    
   -67.87109      -111.8164      -143.7988      -144.4824      -109.1797    
   -40.42969       49.56055       145.3613       230.8105       286.3770    
    307.6660       314.3066       337.1582       381.3965       428.2227    
    453.8086       458.6426       449.8535       421.1426       350.6836    
    242.4316       137.5488       75.00000       50.73242       33.64258    
   0.9277344      -44.72656      -99.60938      -172.9004      -254.8828    
   -300.5859      -260.6445      -144.2871      -16.06445       57.95898    
    66.94336       41.35742       2.832031      -56.73828      -148.0957    
   -260.9375      -370.5078      -462.3535      -539.4531      -577.9785    
   -549.1211      -447.5586      -286.6699      -146.3379      -64.30664    
   -40.18555      -14.45313      -16.40625       17.08984       76.80664    
    116.9434       108.2031       40.03906      -76.17188      -199.7559    
   -261.1816      -247.2168      -221.0449      -239.2578      -278.9551    
   -264.4043      -184.8145      -90.52734      -31.29883      -10.20508    
   -15.77148      -35.69336      -59.61914      -87.06055      -120.5078    
   -157.6172      -180.6152      -170.7031      -112.9395      -13.72070    
    104.8828       193.6523       215.1367       184.3750       165.8203    
    211.8164       313.5254       386.5234       384.0820       360.2051    
    374.0234       411.5234       386.0840       267.9199       144.5801    
    121.8750       198.2910       256.1523       211.0840       84.27734    
   -60.59570      -190.4297      -306.0547      -372.2656      -339.7461    
   -204.9316      -44.28711       58.78906       85.83984       82.51953    
    79.34570       36.62109      -94.92188      -303.1250      -511.0840    
   -658.2031      -731.7871      -734.9609      -651.4160      -492.0410    
   -293.5059      -119.3848      -28.75977      -14.45313      -1.708984    
    25.14648       99.60938       164.3555       171.7285       136.6211    
    83.88672       5.029297      -100.0488      -170.0684      -160.1074    
   -125.1953      -136.3281      -167.4805      -157.4707      -124.5117    
   -119.6777      -135.5957      -135.5469      -116.9434      -104.5898    
   -95.89844      -74.31641      -69.53125      -103.3203      -155.5664    
   -184.7656      -152.6367      -47.55859       87.84180       178.8086    
    187.7441       165.1367       200.2930       334.6191       491.6504    
    549.6094       484.4727       395.9473       376.2207       405.3711    
    361.6699       186.8164      -3.076172      -39.45313       96.43555    
    247.6563       246.6309       89.64844      -105.7129      -252.8809    
   -346.5820      -396.8262      -405.0781      -370.6543      -303.2715    
   -241.3574      -225.9766      -217.5293      -165.9668      -99.75586    
   -113.1836      -240.6250      -427.3926      -600.9277      -713.7207    
   -717.8711      -590.6738      -394.0430      -210.2539      -79.34570    
   -16.99219      -1.708984       31.00586       84.76563       139.5508    
    139.0137       72.41211       12.50000       3.955078       8.349609    
   -11.96289      -43.50586      -56.29883      -65.72266      -96.33789    
   -118.9453      -102.7832      -98.29102      -155.3711      -221.8750    
   -239.3555      -228.1250      -220.8984      -199.4141      -143.4082    
   -97.90039      -101.3184      -136.8652      -173.5352      -188.1348    
   -156.5918      -80.12695      -9.228516       24.60938       56.05469    
    140.8203       270.8008       371.1426       388.5254       352.4902    
    326.3184       335.4980       341.2598       289.4043       178.1738    
    72.16797       59.03320       160.2539       285.3516       288.5742    
    140.6738      -52.09961      -188.1348      -244.7266      -254.2480    
   -282.1289      -359.8145      -424.8047      -436.2305      -440.7227    
   -456.6895      -427.1973      -335.9863      -246.3379      -207.0801    
   -228.1738      -329.0039      -468.8477      -509.6191      -366.8457    
   -167.1875      -60.74219      -30.71289      -6.054688       31.00586    
    14.06250       85.25391       116.6992       71.97266      -7.275391    
   -41.06445      -52.05078      -90.86914      -127.4414      -136.6211    
   -125.4395      -103.6621      -87.15820      -86.52344      -93.11523    
   -123.9746      -190.2832      -259.3750      -295.5566      -304.3945    
   -291.0156      -244.7754      -159.5215      -81.54297      -59.57031    
   -81.05469      -119.8730      -160.3027      -161.5234      -98.19336    
   -2.636719       71.19141       102.8320       100.7813       94.04297    
    105.2246       138.4766       192.5293       259.2773       295.8008    
    266.1133       204.4922       178.3691       192.2363       209.5215    
    246.1426       307.8125       291.9922       152.1484      0.2929688    
   -75.78125      -101.6113      -118.3105      -179.8340      -318.7012    
   -466.0645      -547.7051      -576.0254      -568.1641      -513.4766    
   -431.3965      -344.4336      -256.7871      -209.5215      -264.0137    
   -393.1152      -430.5176      -255.1270      -38.81836       7.324219    
   -55.56641      -55.61523       14.06250      -92.13867      -6.347656    
    82.81250       101.2207       45.01953       9.814453      -38.86719    
   -154.2969      -233.2520      -238.9648      -224.3652      -176.4648    
   -104.0527      -62.84180      -76.22070      -122.0215      -167.2363    
   -210.8887      -248.6816      -246.5820      -228.2227      -231.9336    
   -208.9355      -131.2988      -73.14453      -63.33008      -54.29688    
   -21.92383       42.82227       143.0176       256.3477       355.9570    
    403.0273       373.6328       318.6523       333.0078       414.6484    
    483.7891       512.6953       494.8242       432.3730       374.1211    
    350.8789       324.1211       247.6563       183.9844       210.0098    
    204.6875       58.54492      -95.21484      -140.6250      -147.2656    
   -187.3047      -276.7578      -413.9648      -545.7031      -650.6348    
   -716.6992      -683.0078      -566.9434      -463.7695      -373.7793    
   -295.1660      -290.0879      -361.4258      -459.6191      -471.0938    
   -291.6992      -60.30273      -7.519531      -102.4902      -143.3105    
   -92.13867      -175.0488      -84.76563       42.23633       112.8418    
    49.51172      -24.46289      -69.82422      -145.1660      -176.3672    
   -167.8223      -193.2129      -182.6660      -90.57617       3.320313    
    19.04297      -29.73633      -73.19336      -102.8809      -132.3730    
   -127.0996      -137.2070      -234.5215      -315.5273      -280.8105    
   -194.5801      -119.7266      -38.03711       54.19922       138.4766    
    211.5234       291.9434       389.1602       470.9961       499.0723    
    480.7617       493.9941       560.3516       599.6094       586.3281    
    554.6875       524.1699       513.9160       496.1914       415.5273    
    265.0391       133.7402       133.0078       163.0371       73.19336    
   -72.46094      -166.3574      -212.5000      -231.4453      -272.4121    
   -360.3027      -425.9277      -469.9707      -515.5762      -500.0000    
   -435.6934      -392.3828      -346.2402      -286.4258      -270.1172    
   -298.7305      -364.1113      -396.3379      -280.5664      -105.6641    
   -59.86328      -148.5352      -209.4238      -175.0488      -114.2090    
   -56.73828       22.60742       90.08789       56.54297       2.246094    
   -18.60352      -68.89648      -91.45508      -76.22070      -94.92188    
   -78.66211       5.664063       79.68750       87.45117       39.01367    
   0.1953125      -26.07422      -55.32227      -70.84961      -104.2480    
   -207.1777      -308.8867      -301.8555      -198.8770      -81.73828    
    1.513672       40.18555       67.18750       130.3223       232.8613    
    327.6367       384.1797       412.7441       397.3145       371.6309    
    386.2305       392.4316       391.0156       414.8438       452.0020    
    487.6465       487.6465       420.0684       309.5215       213.8672    
    189.4531       194.6777       147.4121       40.03906      -107.0313    
   -242.4805      -281.8848      -293.9941      -349.1699      -386.9629    
   -369.5313      -353.4180      -354.3945      -344.4824      -331.5918    
   -328.7109      -303.9063      -245.1172      -208.3984      -261.8164    
   -297.7539      -200.7324      -82.56836      -56.98242      -109.2285    
   -148.5840      -114.2090      -44.53125      -31.88477       17.33398    
    81.88477       76.46484       54.39453       64.45313       53.85742    
    29.83398       13.86719       2.294922       21.48438       50.87891    
    50.09766       38.13477       19.53125      -1.611328      -11.96289    
    9.521484       54.73633       59.22852     -0.6347656      -55.66406    
   -20.70313       81.83594       162.8418       168.2617       109.6191    
    87.10938       148.4863       228.1738       271.2402       274.3164    
    251.9531       195.8496       163.8672       195.6055       207.1777    
    209.4238       248.6328       298.3398       345.6055       382.6172    
    377.6855       335.1074       300.0000       285.8887       246.3379    
    173.5840       89.84375      -35.93750      -195.0684      -300.7324    
   -350.6348      -385.8887      -378.2227      -322.6563      -273.8281    
   -281.3477      -285.1074      -282.5684      -322.1680      -349.9512    
   -312.2070      -260.1074      -257.7637      -239.3555      -156.2988    
   -93.94531      -69.87305      -59.76563      -56.64063      -44.53125    
    201.0742       201.0742       201.0742       201.0742       201.0742    
    201.0742       201.0742       201.0742       201.0742       201.0742    
    201.0742       201.0742       201.0742       201.0742       201.0742    
    201.0742       201.0742       201.0742       201.0742       201.0742    
    201.0742       201.0742       201.0742       201.0742       201.0742    
    201.0742       201.0742       201.0742       201.0742       201.0742    
    201.0742       201.0742       201.0742       201.0742       201.0742    
    201.0742       201.0742       201.0742       201.0742       201.0742    
    201.0742       201.0742       201.0742       201.0742       201.0742    
    201.0742       201.0742       201.0742       201.0742       201.0742    
    201.0742       201.0742       201.0742       201.0742       201.0742    
    201.0742       201.0742       201.0742       201.0742       201.0742    
    201.0742       201.0742       201.0742       201.0742       201.0742    
    201.0742       201.0742       201.0742       201.0742       201.0742    
    201.0742       201.0742       201.0742       252.2461       243.8965    
    235.4004       224.9512       212.4023       201.5137       191.1621    
    179.8828       172.0703       165.4297       159.4727       155.1270    
    153.1250       151.5137       153.3203       155.5176       160.3516    
    166.3574       172.4121       178.8574       186.4746       192.2363    
    197.9004       203.9063       208.3496       210.3516       214.2090    
    216.6504       217.9688       220.6543       221.1914       220.3125    
    220.8496       218.2617       215.8691       212.8418       207.8125    
    203.3691       197.5098       190.0879       180.7617       173.2910    
    165.0391       157.1777       151.8555       146.2402       142.4805    
    139.9414       140.3320       138.5742       141.4063       143.6523    
    149.3652       157.0801       163.3789       172.0215       182.0801    
    190.4785       199.8535       210.4980       219.8730       227.3438    
    237.6465       244.2871       250.7324       256.9824       262.2070    
    263.7207       264.6484       263.8672       261.3281       258.0566    
    252.2461       443.8965       429.1016       409.7656       387.1582    
    363.4277       336.0352       304.2969       272.1191       237.3047    
    203.9063       171.8262       145.9473       127.2461       117.7246    
    116.2109       122.7539       135.1074       147.5586       157.5684    
    166.1133       167.1387       163.2813       154.1992       142.8223    
    128.6133       120.1172       112.2559       109.6680       113.5254    
    121.9727       136.2793       154.8340       174.4629       193.6523    
    213.1348       227.0996       238.0371       243.9941       243.0176    
    234.7656       222.4121       203.3691       176.3672       145.5566    
    107.9590       66.21094       21.72852      -23.19336      -65.08789    
   -99.46289      -123.2422      -135.4004      -130.1758      -111.9629    
   -82.37305      -39.59961       6.933594       59.08203       110.6445    
    161.3770       207.8125       254.1016       294.4336       332.2266    
    366.6504       397.2656       422.9004       443.5059       456.2988    
    463.0859       463.2813       456.3965       443.8965       204.0039    
    218.0664       239.0137       269.2383       303.8086       339.4531    
    368.0176       382.9590       376.7090       347.8027       296.6309    
    236.3281       179.2480       136.1816       116.3086       120.1660    
    145.2637       179.6387       215.7227       245.8984       263.4766    
    267.2363       255.8105       229.8828       196.6797       159.5215    
    129.2969       113.5254       113.7207       132.1289       164.6973    
    203.7598       245.7520       282.9102       310.7910       325.5859    
    323.7793       304.2969       267.7246       217.7246       158.1055    
    93.21289       26.31836      -42.38281      -113.6230      -188.9648    
   -270.4590      -355.0781      -435.5469      -505.7129      -555.1270    
   -574.1211      -558.4473      -508.9355      -428.5156      -329.0039    
   -224.3652      -126.6113      -46.67969       12.01172       50.29297    
    71.04492       81.05469       89.99023       99.16992       113.1348    
    132.7148       151.2207       168.5059       181.7383       189.9902    
    196.0938       204.0039      -154.4434      -89.01367      -14.45313    
    71.28906       167.0898       271.4844       378.4668       475.2930    
    542.9199       560.2539       516.1621       417.4805       290.3809    
    169.9219       84.32617       45.21484       51.61133       89.74609    
    145.2148       212.5000       278.1738       331.3965       356.5918    
    344.8242       297.4609       231.7871       172.7539       142.5781    
    149.7070       191.8945       250.8789       310.0098       357.9590    
    386.6699       397.4609       382.5195       335.5469       252.4414    
    128.9551      -27.24609      -205.2734      -387.5000      -556.2988    
   -697.4121      -802.6367      -869.0430      -902.3926      -907.0801    
   -889.6484      -856.6895      -805.7617      -735.0098      -635.6934    
   -509.4238      -363.7695      -215.3320      -86.52344       5.859375    
    52.34375       49.60938       4.443359      -73.58398      -169.5313    
   -267.0410      -352.4414      -410.0098      -433.1543      -420.9961    
   -380.7617      -328.7598      -270.3125      -213.0859      -154.4434    
   -148.9258      -43.21289       57.27539       153.5645       244.6289    
    330.4688       423.0469       522.2168       616.2598       672.9004    
    659.9609       560.8398       399.6582       225.8301       90.77148    
    17.08984       1.660156       22.75391       69.28711       128.9063    
    195.2148       250.2930       272.3633       246.5820       177.4414    
    95.11719       38.28125       37.74414       97.07031       188.6230    
    276.2207       335.3027       360.4004       367.0410       370.9473    
    371.7285       360.4492       317.3340       228.5156       91.40625    
   -96.48438      -326.7090      -577.2461      -818.0176      -1011.279    
   -1131.641      -1168.457      -1131.738      -1044.482      -930.4199    
   -812.8418      -692.8223      -559.7656      -405.7617      -237.1094    
   -81.00586       33.88672       94.58008       101.9531       64.25781    
   -10.25391      -118.7500      -259.6191      -421.6309      -585.2539    
   -723.7305      -800.6348      -804.3457      -731.5918      -569.9219    
   -406.6406      -266.9434      -148.9258     -0.9277344       115.4785    
    204.5410       284.5703       349.2188       390.5273       405.9082    
    406.1035       401.9043       399.5605       377.8320       306.8848    
    183.9355       48.29102      -44.28711      -66.01563      -30.81055    
    31.39648       92.67578       137.8418       149.7559       121.5332    
    54.29688      -40.77148      -141.3086      -213.2324      -226.0254    
   -161.7676      -41.06445       85.54688       163.7207       170.8496    
    128.6133       89.69727       98.97461       155.0293       224.6582    
    274.2676       296.6309       296.0938       256.9336       142.8711    
   -58.98438      -303.2715      -519.8242      -662.2559      -732.3242    
   -756.9336      -753.3203      -733.3984      -709.4238      -681.2500    
   -627.4414      -513.4766      -344.4824      -160.7422      -12.30469    
    78.85742       116.3086       99.07227       20.65430      -118.9941    
   -311.6699      -539.9414      -787.8418      -1022.949      -1172.314    
   -1172.363      -1015.186      -727.2949      -430.9570      -177.0996    
  -0.9277344       188.6230       304.1016       368.2129       406.2012    
    415.0879       390.5273       326.0742       213.2813       74.70703    
   -33.25195      -74.21875      -84.47266      -117.7246      -174.8535    
   -201.4160      -173.1445      -106.8848      -24.21875       62.89063    
    125.7324       127.2949       58.88672      -55.61523      -180.5664    
   -294.5801      -371.2402      -379.2480      -290.0391      -124.8047    
    44.14063       126.0254       85.64453      -24.02344      -113.7207    
   -96.43555       13.03711       115.9180       156.5918       145.7520    
    136.5723       131.3965       51.80664      -147.1680      -391.1133    
   -544.7754      -550.1465      -479.4922      -438.2813      -460.4980    
   -512.5977      -560.4492      -597.2168      -609.0820      -566.1133    
   -447.2168      -276.9531      -103.8086       37.40234       137.6465    
    175.5371       112.1582      -65.23438      -329.0527      -621.9238    
   -911.7188      -1161.426      -1312.500      -1291.650      -1089.014    
   -751.2207      -361.2793      -27.53906       188.6230       217.4316    
    319.5801       412.3535       449.6094       387.7441       270.6055    
    153.2227       36.27930      -98.48633      -205.0293      -219.0918    
   -166.9434      -135.5957      -156.3965      -178.9063      -185.1563    
   -188.9648      -182.0313      -144.9707      -95.80078      -86.81641    
   -128.9063      -186.9141      -239.4531      -291.3086      -339.7461    
   -350.7324      -272.8516      -94.82422       112.3535       235.5469    
    221.8262       142.3340       96.33789       148.6816       241.3086    
    270.4590       204.4922       94.04297      -6.298828      -84.13086    
   -215.0391      -460.4004      -733.3008      -852.9785      -741.9434    
   -509.4727      -344.7754      -330.5664      -420.3125      -521.3867    
   -592.4805      -630.8594      -648.4375      -640.6250      -586.1816    
   -497.6074      -414.4043      -335.4492      -242.8223      -170.3125    
   -190.4297      -313.0859      -498.9746      -712.4512      -910.7910    
   -1013.770      -964.6484      -774.8047      -497.1191      -190.2832    
    62.40234       217.4316       79.83398       144.6289       261.4258    
    298.3398       174.9023      -7.568359      -133.0078      -189.5508    
   -224.4629      -250.4395      -226.8555      -156.5918      -108.0566    
   -122.9492      -163.6230      -208.7891      -268.1641      -329.9316    
   -366.5039      -388.7695      -417.3340      -438.8672      -423.6816    
   -380.6641      -334.6191      -302.3438      -279.9805      -230.5664    
   -104.4922       86.23047       260.3516       357.6660       402.7832    
    441.6992       458.7402       395.2637       244.4336       62.84180    
   -102.7832      -235.7422      -338.0371      -445.7520      -594.3848    
   -743.7500      -775.8301      -624.7070      -358.3984      -155.2246    
   -125.2441      -250.0977      -427.2949      -558.6426      -596.1426    
   -599.9023      -632.3730      -673.7305      -696.3379      -731.4941    
   -765.4297      -711.5723      -560.3027      -406.4941      -321.5820    
   -310.2539      -384.3750      -526.2695      -612.2559      -534.9121    
   -347.9004      -160.2539      -15.52734       57.76367       79.83398    
    22.80273       61.37695       182.1289       221.9727       115.8691    
   -31.15234      -154.8828      -251.6113      -305.9082      -328.0762    
   -313.1836      -237.3047      -149.1211      -123.8770      -145.2148    
   -182.1777      -231.9824      -301.7578      -387.5977      -477.5879    
   -532.8125      -529.5410      -469.7754      -376.8555      -276.7090    
   -182.4219      -112.3535      -53.90625       63.47656       268.8965    
    511.9141       715.7227       843.3105       874.2188       789.5508    
    594.3359       342.5293       111.9141      -70.50781      -223.5840    
   -350.1953      -443.8477      -511.7188      -554.2480      -527.3438    
   -392.7734      -181.0059      -30.02930      -49.07227      -206.6406    
   -399.4141      -540.1855      -570.4102      -544.4824      -572.0703    
   -664.0625      -764.7461      -859.1797      -917.4805      -860.3027    
   -691.2109      -493.5547      -326.4648      -221.2891      -219.3848    
   -330.7129      -415.2832      -299.2188      -52.53906       121.7285    
    148.2422       85.64453       22.80273       111.2793       139.2090    
    287.0605       391.6016       346.6309       243.2129       102.9297    
   -82.51953      -234.2285      -335.3516      -397.2656      -368.6523    
   -272.7051      -199.4629      -168.1641      -165.5762      -174.8535    
   -221.0938      -321.1914      -416.7480      -458.5938      -471.7285    
   -448.7305      -363.0371      -243.7500      -118.3105       19.77539    
    183.4961       394.5801       652.8809       919.3848       1153.857    
    1314.111       1353.467       1271.045       1114.893       926.7090    
    727.0508       537.1582       352.6367       183.3496       50.19531    
   -63.18359      -167.0410      -241.5527      -249.8535      -183.4961    
   -165.3809      -312.3535      -535.9375      -690.2344      -753.3691    
   -738.7207      -691.0645      -690.2344      -755.5176      -858.2031    
   -948.3887      -940.7227      -810.5469      -623.3398      -416.9434    
   -232.5195      -132.8125      -131.2012      -220.9961      -288.0371    
   -146.2891       162.4023       370.8496       345.3613       211.8164    
    111.2793       282.4707       307.8125       439.0137       559.3750    
    509.6191       370.4102       210.7910       12.89063      -156.7871    
   -288.2813      -406.3965      -447.7539      -388.2324      -299.1699    
   -249.2676      -233.5938      -200.7324      -195.8008      -278.7598    
   -364.3066      -402.7344      -464.4043      -520.2637      -479.9316    
   -366.8945      -226.0742      -43.60352       181.4941       432.3730    
    678.0273       901.0742       1100.586       1257.861       1347.949    
    1348.877       1274.219       1161.377       1029.785       891.6992    
    745.2637       594.1406       450.2930       299.0723       139.2090    
   -25.97656      -180.8105      -266.9434      -335.9863      -496.9238    
   -700.1465      -828.9063      -861.1328      -805.1270      -718.5059    
   -666.9434      -650.7813      -668.8965      -702.4414      -664.3066    
   -550.4883      -423.7305      -267.8711      -94.77539       16.30859    
    47.26563       2.197266      -45.31250       62.93945       313.3789    
    490.1855       460.1563       344.7754       282.4707       463.2813    
    477.7832       521.6309       575.0977       517.9199       386.1328    
    234.9121       37.54883      -131.6895      -242.0898      -338.6230    
   -394.6777      -379.6387      -327.6855      -301.1230      -290.0879    
   -225.0000      -171.9238      -221.7773      -297.8516      -332.2754    
   -396.5820      -477.7344      -460.5469      -340.2344      -188.7695    
   -34.61914       129.5898       308.6914       500.5371       688.1836    
    835.3027       939.1602       1034.570       1084.717       1047.363    
    965.2832       870.3125       783.1543       712.5977       644.0430    
    549.8047       420.8008       270.5566       100.2930      -87.79297    
   -230.0293      -321.1914      -424.0234      -558.8867      -710.5469    
   -824.7070      -817.2363      -726.6602      -647.5586      -595.5566    
   -546.8750      -509.7656      -458.0566      -368.5059      -259.8145    
   -129.7852       14.25781       150.1953       236.1816       225.9766    
    193.6035       253.6133       386.7188       494.2871       497.7539    
    458.1055       463.2813       544.0430       520.3125       501.5137    
    489.0137       424.0234       324.7559       207.3242       65.86914    
   -64.89258      -160.6445      -232.1777      -293.3105      -345.4590    
   -360.0098      -330.1758      -286.6211      -234.1309      -194.3359    
   -185.8398      -172.5098      -159.6191      -201.1719      -265.0879    
   -232.2754      -110.9863      -2.197266       74.07227       148.7793    
    258.3496       395.7031       516.2598       589.4043       632.8125    
    695.0684       737.1582       727.6855       693.9941       633.0078    
    570.2148       549.2676       552.2461       527.4414       463.3301    
    380.1758       252.9785       102.5879      -17.48047      -129.1992    
   -254.9805      -390.0879      -545.7031      -697.0703      -761.5723    
   -720.9473      -637.6465      -546.6309      -444.1895      -343.4570    
   -260.9863      -155.6152      -22.85156       96.43555       191.0156    
    288.3789       385.8887       420.5566       421.6797       438.4766    
    461.8164       511.4746       550.0000       551.3184       544.0430    
   -128.6133      -128.6133      -128.6133      -128.6133      -128.6133    
   -128.6133      -128.6133      -128.6133      -128.6133      -128.6133    
   -128.6133      -128.6133      -128.6133      -128.6133      -128.6133    
   -128.6133      -128.6133      -128.6133      -128.6133      -128.6133    
   -128.6133      -128.6133      -128.6133      -128.6133      -128.6133    
   -128.6133      -128.6133      -128.6133      -128.6133      -128.6133    
   -128.6133      -128.6133      -128.6133      -128.6133      -128.6133    
   -128.6133      -128.6133      -128.6133      -128.6133      -128.6133    
   -128.6133      -128.6133      -128.6133      -128.6133      -128.6133    
   -128.6133      -128.6133      -128.6133      -128.6133      -128.6133    
   -128.6133      -128.6133      -128.6133      -128.6133      -128.6133    
   -128.6133      -128.6133      -128.6133      -128.6133      -128.6133    
   -128.6133      -128.6133      -128.6133      -128.6133      -128.6133    
   -128.6133      -128.6133      -128.6133      -128.6133      -128.6133    
   -128.6133      -128.6133      -128.6133       92.52930       88.18359    
    82.47070       72.80273       58.83789       45.50781       28.95508    
    12.93945      -2.294922      -18.31055      -32.56836      -44.92188    
   -56.78711      -65.47852      -72.07031      -78.27148      -80.95703    
   -81.05469      -80.85938      -80.61523      -78.66211      -78.17383    
   -78.71094      -78.75977      -80.66406      -85.35156      -87.98828    
   -94.09180      -100.1953      -107.3242      -113.8672      -124.3164    
   -131.6406      -141.7969      -151.8066      -160.5957      -170.8008    
   -179.7852      -189.2090      -199.8047      -209.1797      -217.4805    
   -225.9766      -230.6152      -234.5215      -236.8164      -236.6211    
   -234.0820      -229.9805      -225.8789      -216.8457      -208.3008    
   -196.9727      -182.8613      -167.9199      -152.7832      -134.9121    
   -117.6270      -100.0000      -80.02930      -61.27930      -43.06641    
   -21.72852      -5.273438       13.08594       30.90820       47.55859    
    59.13086       71.48438       81.39648       87.84180       91.45508    
    92.52930       476.7090       484.4727       480.5664       464.5996    
    439.3066       402.6855       355.7129       301.1230       241.6016    
    179.1992       119.0430       63.13477       18.65234      -14.69727    
   -36.27930      -45.89844      -46.14258      -41.84570      -36.47461    
   -30.61523      -31.73828      -38.57422      -52.58789      -73.38867    
   -98.38867      -123.8281      -150.3418      -173.6328      -192.0898    
   -205.1270      -213.3301      -214.3066      -212.5977      -208.8379    
   -202.9785      -198.9746      -196.2402      -194.2871      -197.0703    
   -204.2969      -214.8926      -230.4199      -251.6113      -277.0508    
   -308.1055      -344.5313      -383.2520      -423.6328      -459.9121    
   -490.4297      -511.0840      -517.1387      -507.2266      -481.1035    
   -439.6973      -385.3516      -324.1211      -256.6406      -189.5020    
   -124.5117      -62.40234      -3.906250       50.29297       103.8086    
    156.2500       208.9355       260.1563       311.3281       357.6660    
    400.2441       434.7656       461.2305       476.7090       268.9941    
    334.9121       392.5293       441.0645       478.5156       502.8809    
    509.2285       494.4824       456.9336       394.0918       310.7910    
    220.2148       132.0801       61.47461       15.82031      -1.171875    
    7.666016       35.05859       72.11914       109.7656       140.3809    
    156.2988       150.2930       120.7031       71.53320       7.763672    
   -55.61523      -108.9355      -145.1660      -159.0820      -155.1270    
   -140.2344      -119.0430      -100.0977      -89.99023      -90.57617    
   -109.3262      -143.2129      -194.4824      -261.0840      -335.1074    
   -412.1094      -489.5508      -562.4023      -631.7383      -698.0469    
   -763.7695      -828.3691      -888.4277      -939.5508      -973.2910    
   -978.8086      -950.6836      -884.7168      -785.7422      -661.2305    
   -527.1484      -401.1230      -296.2402      -221.4355      -178.4668    
   -163.6719      -167.1875      -176.2695      -179.3945      -167.5293    
   -137.1582      -88.28125      -25.19531       47.60742       122.5586    
    198.0469       268.9941      -152.2949       5.615234       144.8730    
    260.4980       358.5449       441.6992       515.5762       580.4199    
    619.4336       615.9180       558.6426       449.3164       311.0352    
    174.1699       65.28320      -3.613281      -30.46875      -20.99609    
    21.19141       93.45703       183.4961       271.6797       330.7129    
    337.1094       286.7188       197.9004       102.3926       34.66797    
    10.54688       27.73438       66.89453       107.2266       134.2773    
    138.8672       120.3613       70.45898      -16.35742      -144.7266    
   -318.1641      -528.4668      -761.4258      -998.1934      -1217.529    
   -1395.166      -1521.582      -1585.986      -1592.139      -1549.414    
   -1472.266      -1375.635      -1265.234      -1143.359      -1000.732    
   -835.2539      -650.3906      -458.3496      -282.4707      -145.0684    
   -59.32617      -38.28125      -80.46875      -179.2969      -320.8984    
   -480.3711      -633.7402      -753.1738      -816.4063      -814.4043    
   -747.6074      -632.7148      -483.9355      -319.5801      -152.2949    
   -207.8613       49.51172       262.3535       416.4063       509.9609    
    563.4766       606.9336       656.8359       711.4746       739.5996    
    705.2246       594.1895       424.6094       243.2617       93.89648    
   -6.884766      -63.81836      -91.65039      -84.66797      -35.30273    
    57.37305       169.8730       257.5195       276.3184       218.7012    
    116.6992       28.32031       3.320313       53.17383       141.9922    
    222.2168       264.4531       266.0645       247.5098       225.0977    
    194.9707       142.0898       47.36328      -99.31641      -295.0684    
   -543.7012      -835.4004      -1148.096      -1448.242      -1691.553    
   -1842.725      -1885.107      -1824.316      -1686.768      -1504.590    
   -1308.691      -1108.838      -898.2910      -671.6309      -435.0586    
   -216.5039      -41.99219       76.66016       140.0391       149.9023    
    105.1758      -3.125000      -177.4902      -407.6172      -672.3145    
   -928.9551      -1122.363      -1215.967      -1193.848      -1019.580    
   -762.1582      -486.9629      -207.8613      -89.25781       235.0586    
    492.1875       663.4766       738.4766       737.0117       688.2813    
    619.6289       549.3164       480.1758       392.2363       265.6738    
    104.6387      -48.14453      -145.9961      -173.8281      -157.2266    
   -125.5371      -90.96680      -44.67773       11.42578       63.13477    
    78.46680       27.39258      -85.88867      -212.8418      -280.0293    
   -237.1582      -102.1973       45.60547       127.0996       110.1563    
    35.10742      -26.85547      -25.34180       28.75977       88.86719    
    118.4570       115.5273       89.20898       14.69727      -143.4082    
   -397.2168      -697.4609      -963.7695      -1147.168      -1242.969    
   -1268.848      -1240.186      -1173.340      -1089.111      -990.3809    
   -854.1992      -651.4160      -399.6094      -146.1426       55.56641    
    198.8770       296.8262       348.6328       331.6895       222.8516    
    21.82617      -255.8105      -596.2402      -959.4238      -1270.850    
   -1435.400      -1407.422      -1173.242      -840.0391      -458.6914    
   -89.25781       235.7910       552.6855       774.8535       880.1270    
    869.4824       777.9297       637.5000       455.9570       244.6289    
    54.29688      -75.87891      -166.1133      -253.3203      -335.7910    
   -368.8965      -341.8457      -280.5664      -207.7637      -120.7031    
   -28.61328       44.28711       77.58789       53.95508      -42.52930    
   -208.5938      -385.3027      -479.7852      -419.5313      -224.4141    
   -5.371094       103.8086       47.21680      -108.2031      -251.3184    
   -270.3613      -182.7637      -93.70117      -62.74414      -78.85742    
   -100.8301      -139.1113      -277.3926      -543.5547      -839.6973    
   -1023.193      -1035.010      -946.8262      -854.5898      -793.2617    
   -750.9277      -715.9668      -681.5430      -619.9707      -490.6738    
   -289.4531      -62.25586       133.0078       283.9355       411.0840    
    500.0000       489.6484       336.2305       56.68945      -280.7129    
   -635.0586      -969.5801      -1228.906      -1333.594      -1248.535    
   -980.6641      -585.9375      -155.4688       235.7910       509.9121    
    725.5859       877.5391       895.2637       756.0059       548.1934    
    359.7168       195.0684       17.82227      -139.1602      -204.7852    
   -193.1641      -185.7422      -216.2109      -252.5391      -287.0117    
   -326.2207      -345.2148      -307.8125      -223.2910      -135.4004    
   -63.76953      -11.91406      -16.06445      -100.0000      -233.5449    
   -322.4121      -280.4688      -90.38086       154.4434       310.5469    
    298.3887       176.0742       54.88281       25.83008       45.31250    
    17.57813      -104.2480      -271.1914      -433.5938      -587.6465    
   -802.5879      -1115.283      -1418.994      -1531.934      -1385.840    
   -1080.615      -792.6270      -615.4297      -533.7891      -502.9785    
   -490.8203      -468.6523      -415.5273      -324.9512      -209.7168    
   -106.1523      -48.97461      -5.078125       64.20898       115.7715    
    54.44336      -125.9277      -360.1074      -588.4766      -777.2949    
   -876.6113      -845.4102      -683.9355      -421.0938      -86.91406    
    241.1621       509.9121       519.9219       575.8789       645.8008    
    610.6445       402.4414       134.2285      -57.76367      -153.4180    
   -201.2207      -226.1230      -196.5820      -104.2969      -20.60547    
   -10.35156      -66.45508      -173.4375      -313.8184      -432.8125    
   -491.5039      -506.2988      -492.1875      -423.0957      -295.1172    
   -161.5723      -73.63281      -32.42188      -6.982422       47.50977    
    168.2617       347.6563       505.3711       578.1738       583.0566    
    567.6270       528.0273       406.9824       187.1582      -103.5645    
   -426.8555      -741.3574      -1011.670      -1237.695      -1428.613    
   -1549.561      -1517.871      -1284.521      -908.6426      -546.5332    
   -318.1152      -243.7500      -273.0957      -333.6914      -351.2695    
   -327.9785      -299.9512      -260.3516      -225.4883      -262.0117    
   -359.3262      -411.0352      -386.2305      -361.3770      -377.9297    
   -402.6855      -439.6484      -488.7207      -479.3945      -342.2363    
   -123.1445       106.6895       318.6035       460.7422       519.9219    
    399.4629       336.9141       370.6055       369.5313       238.1836    
    46.14258      -136.3281      -271.8750      -330.7617      -334.7168    
   -289.8926      -166.3086      -15.72266       70.26367       63.03711    
   -24.07227      -160.8887      -301.2207      -424.8047      -535.5957    
   -599.9023      -567.2363      -429.0527      -235.1074      -37.10938    
    153.1250       319.7754       455.2734       599.9023       782.1289    
    972.8516       1118.018       1187.891       1179.297       1071.631    
    844.7266       517.7246       143.0176      -257.0801      -662.7441    
   -1011.865      -1236.133      -1317.920      -1286.133      -1163.965    
   -931.1523      -592.5781      -272.1680      -95.94727      -63.28125    
   -130.6641      -244.2383      -310.1563      -314.8438      -323.3398    
   -338.8672      -348.2910      -397.5098      -493.3594      -550.4395    
   -538.6230      -488.9648      -416.5039      -327.5391      -260.4004    
   -256.6406      -238.7695      -75.34180       186.4746       407.1289    
    517.3340       503.4180       399.4629       271.3379       161.3770    
    229.4434       339.1602       327.0996       230.8594       78.56445    
   -112.6953      -261.4258      -356.1035      -413.3789      -358.4961    
   -203.8086      -52.09961       40.82031       50.78125      -15.96680    
   -123.3398      -249.7559      -361.3770      -429.1504      -443.5547    
   -373.3887      -207.6172      -1.806641       211.9141       444.5313    
    689.9902       939.0625       1190.625       1429.834       1621.631    
    1724.023       1715.283       1599.121       1392.188       1107.617    
    754.0527       355.7129      -52.53906      -397.7051      -610.3516    
   -703.3203      -732.6660      -719.6289      -631.4453      -440.2344    
   -268.7988      -257.5195      -347.8027      -435.7910      -510.3516    
   -552.4414      -545.2148      -536.3770      -539.6484      -547.4121    
   -567.9199      -562.4512      -502.4902      -418.5547      -305.3711    
   -173.2910      -76.31836      -36.66992      -66.94336      -111.7676    
   -7.177734       265.0391       509.4238       566.7480       457.9590    
    271.3379       257.9102       179.1992       257.7148       396.3379    
    384.0820       272.3633       148.8281      -7.910156      -161.8164    
   -306.8848      -444.7266      -474.8535      -360.3027      -186.7188    
   -43.21289       20.26367       24.65820      -10.69336      -84.86328    
   -155.2246      -203.1250      -259.6680      -269.7266      -177.7344    
   -42.18750       100.9277       286.9141       524.7070       771.8262    
    996.4844       1208.545       1397.754       1527.295       1576.807    
    1530.566       1386.621       1178.662       925.1465       638.0859    
    344.2871       98.38867      -64.11133      -185.7910      -304.7852    
   -407.3242      -461.9629      -426.2695      -372.2656      -424.5117    
   -552.4902      -637.8906      -649.6582      -587.5000      -489.0137    
   -407.8613      -339.0625      -287.4023      -273.0469      -247.7051    
   -191.7969      -134.0332      -36.62109       96.77734       185.9375    
    202.0996       127.1973       7.519531       11.52344       208.6426    
    428.3691       482.4219       390.0391       257.9102       351.9043    
    336.8164       367.8223       439.0137       402.3926       289.3066    
    174.1699       21.77734      -129.6875      -249.8535      -351.1719    
   -379.6387      -304.9316      -170.6055      -52.63672       8.203125    
    56.93359       97.99805       88.08594       55.85938       32.76367    
   -10.54688      -43.31055      -3.759766       76.17188       143.0176    
    214.5020       320.5078       454.3457       608.3008       780.3711    
    932.4219       1035.059       1104.541       1092.725       969.0430    
    799.1699       631.2012       476.1230       341.8457       238.2813    
    149.4629       30.37109      -109.3750      -220.8008      -290.1855    
   -302.0020      -272.7539      -267.7246      -312.5000      -377.4414    
   -408.2520      -337.4023      -205.3711      -107.2266      -54.44336    
   -6.298828       10.44922      -5.712891      -4.736328       29.24805    
    91.21094       175.2930       260.9863       287.9883       184.3262    
    33.98438      -2.294922       109.8633       274.2188       353.1250    
    353.0762       351.9043       377.6855       384.3750       394.4824    
    411.7188       379.1992       304.1016       204.5410       75.73242    
   -41.40625      -120.7031      -161.7676      -171.5820      -160.6934    
   -115.7227      -36.23047       25.34180       70.26367       125.3906    
    182.9102       232.1289       252.5391       223.5840       181.1523    
    194.8730       234.8633       231.5430       203.8574       198.4863    
    258.8867       376.4648       504.3457       604.5410       670.5078    
    711.4746       684.1309       572.2656       439.9414       326.0254    
    243.7012       195.7031       174.5117       138.3301       66.06445    
   -11.23047      -61.71875      -66.79688      -31.78711       1.171875    
    15.13672       10.64453      -31.49414      -100.8789      -118.0664    
   -56.05469       9.960938       39.55078       72.21680       94.77539    
    68.55469       61.47461       103.4668       140.5273       164.9414    
    206.0059       235.8887       165.3809       56.05469       21.82617    
    74.16992       187.9395       286.2793       341.6504       377.6855    
   -211.0840      -211.0840      -211.0840      -211.0840      -211.0840    
   -211.0840      -211.0840      -211.0840      -211.0840      -211.0840    
   -211.0840      -211.0840      -211.0840      -211.0840      -211.0840    
   -211.0840      -211.0840      -211.0840      -211.0840      -211.0840    
   -211.0840      -211.0840      -211.0840      -211.0840      -211.0840    
   -211.0840      -211.0840      -211.0840      -211.0840      -211.0840    
   -211.0840      -211.0840      -211.0840      -211.0840      -211.0840    
   -211.0840      -211.0840      -211.0840      -211.0840      -211.0840    
   -211.0840      -211.0840      -211.0840      -211.0840      -211.0840    
   -211.0840      -211.0840      -211.0840      -211.0840      -211.0840    
   -211.0840      -211.0840      -211.0840      -211.0840      -211.0840    
   -211.0840      -211.0840      -211.0840      -211.0840      -211.0840    
   -211.0840      -211.0840      -211.0840      -211.0840      -211.0840    
   -211.0840      -211.0840      -211.0840      -211.0840      -211.0840    
   -211.0840      -211.0840      -211.0840       190.3809       195.6543    
    197.6563       192.8711       182.1289       168.0664       150.4883    
    128.9063       106.8359       85.15625       61.76758       38.81836    
    17.57813      -2.880859      -19.28711      -35.00977      -46.82617    
   -56.34766      -65.38086      -73.29102      -79.10156      -86.08398    
   -93.45703      -101.3672      -111.9141      -124.3652      -136.6699    
   -152.2949      -167.7246      -184.5703      -202.8320      -223.7305    
   -242.6758      -263.2324      -283.3496      -302.2461      -322.2656    
   -340.4297      -358.7891      -375.2441      -391.2598      -405.1270    
   -416.8457      -425.0000      -429.7852      -431.9336      -430.7617    
   -426.5625      -416.9434      -408.8867      -393.3594      -377.5391    
   -358.1543      -334.9121      -311.5234      -285.3027      -256.3965    
   -227.4414      -196.9238      -165.2832      -132.9590      -101.2695    
   -66.94336      -34.96094      -2.001953       30.85938       62.35352    
    89.11133       116.9922       141.3086       161.3770       178.1738    
    190.3809       768.4570       819.9707       853.3203       865.0391    
    855.5176       825.3418       771.4844       701.1719       617.9688    
    525.0977       431.5430       342.4316       263.0371       198.6328    
    150.5859       117.4316       100.2441       91.69922       87.69531    
    86.18164       81.34766       69.38477       49.56055       22.16797    
   -13.62305      -54.78516      -97.85156      -141.4551      -183.0078    
   -219.6777      -251.4648      -276.9043      -298.1934      -318.8965    
   -334.0332      -350.9277      -368.9941      -387.2070      -407.8613    
   -432.4219      -459.8145      -489.5508      -525.1465      -562.1094    
   -602.3438      -645.9473      -687.0117      -727.1484      -760.8398    
   -783.5449      -791.4551      -784.5703      -755.0781      -706.9336    
   -643.7988      -566.2598      -479.8340      -390.2344      -301.6602    
   -216.7480      -138.1348      -64.89258       3.662109       70.45898    
    139.5508       212.8906       289.4531       372.7539       458.3496    
    544.1895       627.8320       704.0527       768.4570       504.5898    
    677.7344       836.2793       965.2344       1059.326       1112.744    
    1123.291       1091.455       1020.166       915.8203       786.9141    
    649.9512       520.5078       410.9375       331.5918       286.0840    
    271.2402       280.8105       307.1777       339.9902       370.5566    
    388.4277       381.8848       347.1680       285.5957       201.6113    
    111.4746       28.22266      -39.84375      -85.98633      -112.6953    
   -129.1504      -140.3809      -153.6621      -176.5625      -209.4727    
   -258.3008      -322.2168      -400.9766      -492.8223      -593.3594    
   -695.1660      -795.0195      -889.8438      -977.2949      -1056.592    
   -1129.102      -1193.164      -1243.945      -1279.150      -1288.574    
   -1264.502      -1201.709      -1096.289      -953.0273      -783.8867    
   -605.2734      -436.9141      -298.1934      -199.1211      -146.9238    
   -138.9648      -164.4531      -205.2734      -244.8242      -264.0625    
   -249.7070      -200.8301      -112.6953       10.10742       160.6445    
    330.1270       504.5898      -165.7715       150.6348       455.0293    
    716.2598       925.0488       1074.902       1174.854       1231.396    
    1243.506       1205.273       1114.697       976.8555       814.7461    
    657.1777       525.1465       431.0547       374.7559       351.0254    
    361.9629       408.7402       483.4961       568.4082       630.3223    
    639.4043       585.2539       480.0781       360.4492       260.4980    
    202.1484       184.6191       186.0840       186.1816       166.9434    
    123.3887       54.10156      -44.58008      -176.6602      -344.2871    
   -551.7578      -792.2852      -1054.980      -1322.559      -1574.023    
   -1787.646      -1945.898      -2037.598      -2059.473      -2017.529    
   -1923.438      -1788.379      -1622.949      -1430.420      -1209.961    
   -963.7207      -700.8789      -438.2324      -197.1680     -0.8300781    
    134.0332       190.4785       163.8672       51.36719      -133.5938    
   -366.0156      -611.7188      -829.8340      -985.4980      -1057.520    
   -1033.594      -918.1152      -722.2656      -463.6230      -165.7715    
   -416.7480      -16.25977       384.6191       733.1543       991.7480    
    1154.932       1250.635       1308.350       1348.584       1357.031    
    1307.813       1185.107       1008.105       815.6738       651.3672    
    530.0293       442.0898       373.8770       330.3711       326.0254    
    377.9297       470.2148       561.2793       599.3652       560.4492    
    460.5469       359.1309       307.0801       317.4316       358.1543    
    376.6602       346.3867       269.7266       177.7832       93.89648    
    14.11133      -71.67969      -188.3301      -344.7266      -545.9473    
   -798.0957      -1102.246      -1438.184      -1774.707      -2060.107    
   -2255.127      -2332.275      -2290.576      -2145.459      -1923.389    
   -1655.762      -1359.668      -1036.914      -695.3613      -353.4668    
   -47.16797       195.7031       366.2598       470.6543       515.1367    
    496.7285       399.2188       211.9141      -60.05859      -397.2656    
   -748.7305      -1053.271      -1254.004      -1329.297      -1250.977    
   -1058.789      -775.2441      -416.7480      -360.2539       60.49805    
    502.3438       900.4883       1180.420       1314.551       1324.121    
    1259.326       1171.826       1088.086       990.6738       851.3672    
    667.9199       486.5723       358.2520       307.2754       306.5918    
    319.5313       325.5859       328.2227       341.2109       371.4355    
    400.8301       389.1113       314.7461       200.1953       111.3770    
    109.1797       184.8145       258.6426       246.3379       119.0430    
   -69.43359      -229.0527      -301.0254      -294.6289      -257.6172    
   -230.4199      -217.4805      -217.8223      -262.3047      -398.9746    
   -640.5273      -939.5508      -1213.818      -1410.400      -1519.189    
   -1547.949      -1500.830      -1388.525      -1237.158      -1056.543    
   -834.5215      -546.6309      -214.0137       105.3711       351.9531    
    515.1367       614.0625       662.7441       648.1934       551.4648    
    360.2539       81.39648      -276.3672      -671.7285      -1039.844    
   -1281.104      -1353.857      -1243.408      -1024.951      -724.2188    
   -360.2539       70.60547       469.0918       873.4375       1206.787    
    1387.061       1396.436       1267.432       1050.684       802.0020    
    592.4316       448.9746       340.0879       223.9746       109.1797    
    49.36523       62.01172       118.6035       193.3105       277.6367    
    354.9316       408.1543       438.5254       450.0977       415.4785    
    301.4160       123.0957      -33.64258      -68.16406       29.63867    
    158.1543       176.5137       20.01953      -240.7227      -492.4316    
   -608.0078      -603.1738      -576.5137      -584.2285      -616.5527    
   -633.7402      -657.1777      -781.1523      -1020.654      -1277.539    
   -1410.889      -1371.729      -1236.230      -1090.088      -951.8066    
   -803.3203      -649.8047      -514.5020      -389.4043      -228.2715    
   -6.250000       235.5957       438.0859       572.9980       657.5195    
    690.5762       630.1758       440.3320       138.3301      -215.5273    
   -588.4766      -938.0859      -1200.537      -1299.854      -1217.773    
   -982.1289      -657.3730      -300.4883       70.60547       533.9844    
    841.4063       1152.490       1340.918       1317.090       1134.033    
    898.1934       664.8438       437.5000       260.0586       191.0156    
    207.3730       229.4434       222.1191       213.4277       196.8262    
    159.7168       128.4668       145.6543       209.1797       282.0313    
    357.2754       451.1719       519.3848       490.4297       347.7539    
    166.9434       70.94727       127.1973       267.2363       344.6289    
    265.7715       74.70703      -132.6660      -254.7852      -324.1699    
   -426.0254      -604.1992      -822.0215      -1029.688      -1245.947    
   -1513.379      -1847.949      -2122.656      -2160.303      -1915.479    
   -1513.672      -1131.934      -837.4512      -603.1738      -404.8340    
   -257.3730      -168.2617      -114.0137      -53.85742       41.06445    
    141.2598       194.1406       213.0371       226.0254       200.9766    
    58.00781      -203.6621      -511.1328      -795.6055      -1010.303    
   -1091.309      -995.0684      -750.8789      -428.8574      -80.07813    
    242.6758       533.9844       713.3301       854.2480       1012.500    
    1043.311       856.3477       560.3516       310.1563       152.2461    
    55.71289       10.05859       55.61523       198.7305       364.9414    
    470.5566       496.4844       435.4492       297.7539       145.9473    
    41.60156      -17.82227      -37.30469       16.16211       168.1641    
    357.8125       498.2910       542.0898       504.6875       452.4902    
    462.3047       546.0938       628.9551       634.2285       565.2344    
    466.1133       348.3398       181.9336      -47.60742      -338.4766    
   -690.2832      -1085.938      -1480.762      -1848.438      -2147.949    
   -2303.076      -2216.797      -1871.191      -1373.389      -899.3652    
   -555.4688      -345.3613      -233.6914      -183.1543      -156.6895    
   -162.1094      -193.1641      -193.7988      -150.4395      -143.6035    
   -197.9492      -238.9160      -246.6309      -295.3613      -409.4727    
   -539.3555      -658.4473      -746.5332      -720.2148      -515.3809    
   -204.4434       107.9590       383.3008       583.2520       713.3301    
    659.6191       635.5957       654.0527       613.7207       444.7754    
    229.8340       32.12891      -119.4824      -197.6563      -199.1211    
   -118.7012       71.92383       320.7031       510.3027       587.6953    
    552.0508       429.1016       267.2852       99.36523      -63.76953    
   -172.7051      -164.3555      -19.72656       204.3945       435.7910    
    639.1602       794.7266       902.6367       1014.404       1158.740    
    1300.488       1372.559       1341.748       1219.629       1024.609    
    770.6543       476.1719       141.3574      -266.8457      -748.9258    
   -1241.846      -1641.113      -1868.604      -1892.236      -1727.637    
   -1391.162      -942.9199      -528.7598      -261.3281      -140.5273    
   -132.6660      -195.4590      -256.1523      -311.4258      -400.3418    
   -480.1758      -494.8242      -489.9902      -499.6094      -482.2266    
   -430.8594      -387.8906      -366.3086      -346.0449      -338.7207    
   -365.2832      -345.4102      -155.0781       146.2891       415.9668    
    597.4609       677.3438       659.6191       468.7012       353.8574    
    336.1816       347.0703       283.5449       191.4063       73.82813    
   -84.57031      -199.1699      -245.2148      -243.0664      -135.6934    
    70.21484       275.9277       421.5820       480.5176       446.9727    
    336.9141       180.2246       28.75977      -69.38477      -94.48242    
   -11.52344       176.9043       409.7168       646.5332       892.3828    
    1147.314       1404.053       1656.738       1873.682       2008.203    
    2017.188       1897.363       1696.680       1465.381       1200.342    
    864.3066       441.6504      -38.28125      -500.7813      -852.9297    
   -1048.047      -1092.969      -1019.482      -836.3770      -565.3320    
   -341.8457      -294.9707      -374.4141      -484.9121      -599.6094    
   -688.1836      -748.2910      -819.3848      -882.3242      -894.7266    
   -852.5391      -738.9160      -567.8711      -392.5293      -224.6582    
   -81.10352       4.052734       33.25195      -5.908203      -65.08789    
    15.42969       260.9375       501.8555       605.9570       584.2285    
    468.7012       278.8086       196.7285       210.9375       266.7969    
    213.5254       112.6953       28.22266      -80.51758      -169.7754    
   -236.7676      -312.6953      -314.7949      -196.0938      -18.84766    
    144.8730       253.5645       296.2891       267.9688       178.0273    
    98.29102       59.47266       29.29688       53.02734       177.9297    
    354.2969       544.0918       762.0605       1008.105       1252.588    
    1469.971       1657.764       1799.854       1851.611       1807.764    
    1697.412       1548.877       1358.350       1096.631       774.6094    
    426.3672       102.3926      -147.1191      -323.5840      -435.0586    
   -483.5449      -474.5605      -398.0957      -341.8457      -427.7344    
   -625.8301      -811.8164      -924.3652      -941.8945      -902.3926    
   -872.4121      -828.3203      -749.8047      -651.1230      -505.7617    
   -328.8086      -163.3301       13.57422       188.8184       295.1660    
    323.3887       249.3652       97.50977       37.40234       161.7188    
    337.7930       401.8555       362.0605       278.8086       234.7168    
    230.6152       241.2109       268.9941       200.7813       89.30664    
   0.4394531      -111.7676      -206.0547      -263.8672      -330.6641    
   -356.1523      -293.3105      -173.6328      -52.63672       37.45117    
    113.8672       161.0352       158.3008       155.7129       190.6738    
    217.6758       239.9902       318.8965       446.0449       581.4941    
    711.8652       838.7695       961.7676       1084.375       1213.330    
    1309.717       1335.254       1308.984       1236.621       1115.576    
    976.6602       816.9434       651.0742       493.7500       349.4141    
    212.7930       69.58008      -66.50391      -163.0371      -227.5391    
   -260.4004      -285.8887      -363.2324      -507.6660      -674.2676    
   -794.3848      -790.5762      -702.8320      -628.9063      -578.9551    
   -498.2910      -409.0332      -326.3672      -219.0430      -86.57227    
    57.12891       200.5371       321.6309       365.7715       258.0078    
    70.11719      -36.18164      0.2441406       115.8691       188.0371    
    208.5449       234.7168       229.9316       247.6074       249.2188    
    237.7441       166.5527       74.85352      -11.23047      -106.6895    
   -181.2012      -226.0254      -255.6641      -266.5527      -269.0918    
   -249.2188      -188.4766      -126.3184      -79.24805      -20.60547    
    59.57031       170.8984       284.4727       354.0039       394.9219    
    474.4629       588.8672       680.2246       738.8184       772.6074    
    817.9199       879.8340       942.3340       977.3438       967.7734    
    918.8965       817.5781       687.6465       570.5078       475.7813    
    409.3750       372.7051       343.7500       291.2598       205.3711    
    116.0156       39.30664      -15.62500      -47.11914      -94.14063    
   -174.3164      -271.0938      -385.4980      -510.2051      -574.8535    
   -543.9453      -494.8242      -466.3574      -419.4336      -362.6465    
   -324.3164      -252.3926      -133.4961      -23.58398       67.04102    
    155.2246       205.9082       136.3281       8.056641      -71.04492    
   -75.43945       2.441406       99.95117       174.4141       229.9316    
    90.91797       90.91797       90.91797       90.91797       90.91797    
    90.91797       90.91797       90.91797       90.91797       90.91797    
    90.91797       90.91797       90.91797       90.91797       90.91797    
    90.91797       90.91797       90.91797       90.91797       90.91797    
    90.91797       90.91797       90.91797       90.91797       90.91797    
    90.91797       90.91797       90.91797       90.91797       90.91797    
    90.91797       90.91797       90.91797       90.91797       90.91797    
    90.91797       90.91797       90.91797       90.91797       90.91797    
    90.91797       90.91797       90.91797       90.91797       90.91797    
    90.91797       90.91797       90.91797       90.91797       90.91797    
    90.91797       90.91797       90.91797       90.91797       90.91797    
    90.91797       90.91797       90.91797       90.91797       90.91797    
    90.91797       90.91797       90.91797       90.91797       90.91797    
    90.91797       90.91797       90.91797       90.91797       90.91797    
    90.91797       90.91797       90.91797       654.1016       669.1895    
    678.1250       678.1738       670.0684       653.6621       632.3730    
    604.2969       570.7031       535.4980       498.3887       458.4473    
    422.1191       385.7422       352.6855       321.4844       294.9219    
    270.8984       249.8047       229.9805       213.4277       195.9961    
    181.2988       164.4043       146.9238       126.4648       106.0547    
    83.10547       59.22852       34.03320       8.447266      -19.18945    
   -45.60547      -73.29102      -99.95117      -125.9766      -152.1484    
   -174.8535      -196.4355      -215.8203      -233.8379      -248.5352    
   -258.6914      -266.8945      -271.3867      -271.4844      -266.7480    
   -259.9121      -247.0215      -231.6895      -211.6211      -188.3301    
   -161.8164      -131.9336      -99.21875      -64.74609      -26.12305    
    12.35352       55.61523       99.16992       145.3125       191.4063    
    240.0391       288.9648       337.1094       386.1816       434.6191    
    480.4199       524.6094       564.5996       600.5371       630.1758    
    654.1016       1274.854       1373.438       1451.318       1503.125    
    1522.510       1508.496       1457.861       1374.658       1264.111    
    1134.717       994.6289       854.7852       722.8027       608.8379    
    513.6230       442.9199       392.6758       360.1563       338.4766    
    326.7090       314.6973       299.0723       275.6836       245.0195    
    204.3457       157.5684       105.0781       50.87891      -2.880859    
   -53.46680      -99.56055      -139.5020      -175.8301      -208.3008    
   -236.6211      -263.3301      -288.7695      -313.2813      -338.8184    
   -366.0156      -393.0664      -422.4609      -455.6641      -489.9902    
   -526.5625      -564.6973      -602.8320      -637.8906      -666.3574    
   -685.3516      -690.1855      -676.4648      -642.9199      -588.3789    
   -515.4785      -425.7813      -325.3906      -218.3594      -111.3281    
   -6.396484       91.01563       183.6914       268.4082       350.3906    
    433.0078       518.8477       609.0332       710.0586       816.6016    
    930.1758       1047.900       1165.283       1274.854       654.2480    
    914.3066       1180.225       1421.289       1616.943       1752.246    
    1814.648       1801.074       1714.941       1566.846       1376.074    
    1165.527       961.9141       783.1543       643.3594       549.1699    
    496.4844       478.5156       485.3027       506.0059       530.3711    
    545.8008       539.9414       506.7871       445.4102       358.6426    
    262.7930       170.2148       92.82227       34.47266      -5.419922    
   -34.91211      -60.40039      -88.08594      -126.1719      -175.8301    
   -240.6738      -319.0918      -410.2539      -511.4746      -617.9688    
   -723.6328      -824.4629      -917.8223      -999.8047      -1070.850    
   -1131.445      -1182.617      -1219.043      -1239.453      -1236.328    
   -1201.074      -1130.664      -1019.043      -869.8730      -691.5039    
   -498.1445      -307.3242      -139.7461      -7.568359       78.32031    
    111.9141       100.2441       56.20117      -3.515625      -60.49805    
   -93.60352      -91.45508      -42.23633       60.74219       214.0137    
    417.2852       654.2480      -380.9570      -10.83984       398.7305    
    800.1465       1161.914       1456.348       1670.654       1795.166    
    1825.830       1764.160       1621.338       1419.189       1193.311    
    980.4199       806.2988       678.0762       593.0664       544.8242    
    526.7090       545.4590       595.1172       660.0098       710.1074    
    716.2598       665.2344       565.3809       449.4629       350.6836    
    288.7695       262.3535       249.6094       230.6641       189.9414    
    121.9727       27.88086      -94.72656      -249.0723      -437.2070    
   -663.2324      -919.7266      -1196.729      -1478.467      -1742.090    
   -1966.504      -2129.492      -2216.943      -2226.367      -2161.719    
   -2036.914      -1867.822      -1665.137      -1437.646      -1185.840    
   -914.9414      -634.1797      -355.7617      -97.99805       122.0215    
    291.2109       393.8965       420.9473       360.1074       214.2090    
   -3.564453      -266.5039      -537.3047      -775.4395      -948.7793    
   -1033.594      -1018.701      -900.2441      -682.7637      -380.9570    
   -614.6973      -273.8281       130.2734       555.7617       953.6621    
    1283.496       1535.449       1705.273       1796.533       1803.418    
    1719.434       1548.633       1327.393       1101.904       913.3789    
    775.0000       668.8477       577.6855       501.8066       457.8125    
    462.6465       511.8164       572.0703       596.6309       560.3027    
    474.6094       385.9375       337.6465       339.7461       354.6875    
    335.1074       255.1758       124.9512      -15.23438      -136.5234    
   -236.9141      -331.2012      -441.5039      -586.7676      -771.8262    
   -1010.059      -1304.834      -1638.477      -1976.123      -2263.672    
   -2458.350      -2528.760      -2474.268      -2308.008      -2059.961    
   -1761.230      -1427.441      -1065.283      -685.1563      -309.5703    
    26.31836       293.7012       488.7207       621.2402       701.5137    
    728.9063       687.5488       557.7148       334.7656       28.36914    
   -319.7266      -650.1953      -907.0801      -1057.520      -1093.604    
   -1027.002      -867.8223      -614.6973      -496.7285      -205.5664    
    164.6973       588.0371       994.4336       1318.457       1514.746    
    1583.252       1555.957       1471.240       1340.967       1161.572    
    942.1387       727.6855       570.3125       488.7207       458.1543    
    443.6035       422.5098       395.8984       370.3125       354.1504    
    342.2363       309.0820       235.5957       135.0098       55.90820    
    44.62891       90.77148       121.2402       49.46289      -150.0977    
   -416.8457      -650.7324      -780.6641      -810.2539      -786.2793    
   -748.2910      -704.8340      -661.7188      -658.2031      -745.4102    
   -940.9668      -1190.918      -1410.498      -1548.926      -1600.879    
   -1577.246      -1485.352      -1338.379      -1155.908      -954.1016    
   -716.9434      -422.3633      -86.18164       236.8164       490.3809    
    660.6934       765.2344       814.3555       795.6543       695.5566    
    510.6445       244.3848      -93.94531      -468.1152      -817.6758    
   -1051.563      -1132.178      -1065.039      -916.3574      -724.9512    
   -496.7285      -158.2520       141.2109       489.2090       866.0156    
    1199.365       1414.697       1463.281       1341.895       1106.934    
    861.5234       678.0762       537.5000       396.8262       258.6426    
    170.4102       150.1465       172.9492       216.0156       274.5605    
    330.3711       358.5938       352.9785       327.6855       275.8301    
    170.2148       9.765625      -151.0742      -228.6621      -195.8496    
   -132.7637      -170.2637      -373.3887      -692.2852      -1003.857    
   -1181.055      -1235.693      -1258.105      -1294.189      -1327.393    
   -1327.002      -1319.043      -1401.270      -1594.336      -1774.219    
   -1802.539      -1637.598      -1361.230      -1077.344      -813.3301    
   -550.6836      -300.1953      -91.16211       72.99805       229.1504    
    406.1035       584.1309       726.7578       813.4277       859.2773    
    850.6348       736.7676       483.5938       115.2344      -304.8340    
   -730.2246      -1118.506      -1402.637      -1498.584      -1393.066    
   -1128.320      -786.4746      -453.8574      -158.2520       242.2363    
    508.5449       815.4297       1084.326       1214.600       1195.166    
    1062.207       843.8477       572.3633       337.0605       233.3496    
    240.7715       269.9219       279.0039       288.5742       286.0352    
    249.0723       199.1211       185.4492       210.4980       238.2324    
    264.2578       314.3066       368.6523       360.0586       243.2129    
    50.78125      -115.7715      -166.7480      -122.9492      -102.9785    
   -201.2695      -392.9199      -616.4063      -763.4766      -875.0000    
   -1024.170      -1232.080      -1452.686      -1645.117      -1833.057    
   -2093.945      -2423.877      -2679.004      -2655.176      -2294.482    
   -1734.229      -1178.516      -714.5020      -312.9883       49.90234    
    343.8477       536.8164       621.9727       632.8125       616.4551    
    585.6934       523.2910       452.9785       398.3887       309.3750    
    91.50391      -258.0078      -665.7227      -1054.590      -1359.570    
   -1500.586      -1422.021      -1154.932      -781.7871      -381.2500    
   -32.51953       242.2363       456.8848       599.1211       781.0059    
    880.9082       789.5020       571.6309       349.1211       172.3633    
    37.59766      -41.50391      -12.10938       136.9141       333.9844    
    497.4121       596.2402       602.0508       503.6621       354.8828    
    214.4043       90.86914      -11.81641      -41.69922       46.92383    
    217.2852       378.7598       456.3477       418.0664       305.8105    
    210.3027       194.3848       220.5566       220.8984       177.2461    
    105.4199      -10.98633      -200.9766      -460.4980      -757.2754    
   -1073.633      -1406.348      -1752.881      -2107.129      -2439.307    
   -2648.926      -2588.818      -2194.482      -1569.287      -933.2520    
   -425.7813      -55.95703       214.9414       412.7441       548.5352    
    585.7910       509.1309       389.4531       278.2227       138.4277    
   -28.36914      -145.5078      -209.2285      -311.9629      -495.2637    
   -711.9629      -926.1719      -1097.705      -1118.066      -915.9180    
   -576.2207      -224.0723       89.55078       317.7734       456.8848    
    523.3887       518.1641       543.7988       505.6641       348.5352    
    144.6289      -42.08984      -179.5410      -236.3281      -219.2871    
   -127.7832       75.48828       353.7598       603.5645       754.6875    
    785.1563       702.5879       546.5820       346.4355       115.0879    
   -93.06641      -193.6035      -130.3223       58.44727       294.2871    
    518.1641       677.6367       754.1016       802.0508       883.6426    
    999.1699       1091.162       1105.225       1022.217       834.8145    
    566.4063       256.5430      -60.30273      -400.8789      -793.1641    
   -1213.818      -1603.174      -1889.063      -2013.916      -1922.803    
   -1571.484      -1014.355      -448.1445      -32.81250       218.7500    
    331.3965       341.8457       318.7500       260.4980       117.6758    
   -63.81836      -215.3809      -349.5605      -469.8242      -529.5898    
   -528.4668      -523.2910      -533.2031      -549.2188      -578.7598    
   -629.5898      -603.8086      -387.2070      -61.32813       221.9727    
    412.6465       514.3066       523.3887       457.0313       362.3047    
    329.4922       295.4590       193.6523       88.28125      -13.08594    
   -125.5859      -174.1211      -157.9590      -108.5449       35.83984    
    276.8066       522.6563       703.6133       788.2813       773.5840    
    663.3789       468.7012       244.8730       43.16406      -95.36133    
   -103.5645       33.74023       245.5566       482.4707       736.0352    
    984.3262       1218.555       1442.188       1644.580       1795.801    
    1837.598       1746.045       1562.402       1347.900       1119.482    
    849.3652       522.9492       142.4805      -258.0078      -614.6973    
   -881.4453      -1028.271      -1015.186      -807.0801      -430.3223    
   -66.69922       106.6406       110.2051       20.16602      -127.9297    
   -274.9023      -397.6074      -538.2813      -684.1797      -798.8281    
   -865.6738      -842.3340      -731.0547      -591.6992      -436.2305    
   -280.6152      -174.1699      -120.3613      -122.9004      -139.4043    
   -26.70898       220.6055       441.3574       538.1836       536.2305    
    457.0313       306.4941       262.7441       277.6855       306.9824    
    226.4160       123.2422       62.69531       6.250000      -18.11523    
   -24.51172      -44.23828       10.40039       177.2949       380.8594    
    548.9746       649.6094       684.7656       634.7656       484.9121    
    308.1055       156.2012       20.60547      -34.57031       48.53516    
    216.4063       419.9219       665.5273       936.1816       1183.643    
    1376.416       1526.465       1632.373       1662.695       1611.572    
    1508.398       1396.045       1280.371       1123.584       917.9199    
    676.3672       420.4590       185.9375      -22.60742      -183.3496    
   -257.0313      -222.7539      -74.31641       76.31836       64.74609    
   -122.6563      -368.7500      -578.7598      -694.1895      -740.0879    
   -774.6094      -786.5234      -770.4102      -740.7227      -653.5156    
   -508.6914      -354.0527      -168.5059       37.30469       184.6191    
    252.8320       224.9023       114.6484       64.59961       163.4766    
    303.7109       354.6387       340.1367       306.4941       175.4883    
    234.5215       290.2344       341.5527       295.9473       216.8945    
    171.9238       113.5254       69.62891       52.49023       29.24805    
    56.49414       164.1602       300.6836       410.2051       479.2480    
    530.7617       532.6172       446.6309       331.5430       246.6309    
    169.0430       127.7832       190.3809       340.1367       516.9922    
    687.6465       841.5039       964.7461       1054.785       1123.291    
    1149.707       1116.113       1062.402       989.9414       902.5391    
    830.4688       767.3828       715.2344       671.5820       624.7070    
    560.8887       461.6211       348.1934       259.3750       197.5098    
    174.1211       166.5527       90.13672      -103.0762      -357.8613    
   -560.7910      -623.3887      -594.4824      -565.8203      -543.6035    
   -493.5059      -449.3652      -410.5469      -332.2754      -212.5000    
   -66.60156       84.57031       214.9902       270.0195       179.6387    
    4.101563      -115.4297      -115.3809      -32.37305       33.98438    
    88.57422       175.4883       14.45313       102.1484       176.6602    
    226.8555       211.9141       178.1250       151.7578       111.8164    
    85.40039       87.98828       104.1016       139.5020       177.6855    
    216.9434       277.9785       332.5684       358.3008       366.7969    
    369.9707       381.6406       383.4961       349.4629       325.2441    
    395.9961       541.6504       674.5117       757.8613       792.5293    
    807.0313       817.4805       813.1348       769.1406       687.5977    
    603.1738       509.3262       413.9648       356.6895       338.4277    
    368.3105       443.6035       534.6680       600.0000       618.7500    
    607.1289       569.5313       517.8711       465.5273       395.8496    
    291.6016       149.9023      -24.21875      -199.1699      -309.7168    
   -339.7949      -350.0977      -365.8691      -356.7871      -336.5723    
   -337.0605      -295.1660      -201.5137      -122.1680      -69.67773    
   -18.94531      -4.150391      -105.4199      -261.2305      -364.7949    
   -385.0586      -308.4961      -197.6074      -93.50586       14.45313    
