    2.198215    
    1.038058    
  -6.4488769E-02
    1.278891    
   0.3135210    
   0.7817071    
  -0.2307131    
   4.3037891E-02
  -0.5587854    
  -0.1784468    
  -0.1538149    
   0.3149841    
  -0.4840930    
   0.1518338    
   -1.301852    
  -0.2432276    
  -0.3819238    
   0.2960452    
  -0.7862712    
   -1.764134    
  -0.1950204    
   -1.349733    
  -0.2617353    
    1.063284    
    1.331333    
  -0.3575356    
   0.1934961    
   7.6793134E-02
   -1.076259    
  -0.8334042    
   0.5427877    
   -1.089580    
   -1.686219    
  -0.3249574    
    1.151258    
   -1.342915    
  -0.7445147    
   -1.650794    
  -0.2425921    
   0.4273429    
    1.141865    
   0.2233864    
   0.4718756    
    1.021133    
   0.3485715    
  -0.2254314    
    1.127105    
   -1.374986    
  -5.4272413E-02
    1.443918    
    1.977264    
