    1.647228    
   0.9646103    
  -1.2042156E-02
   0.3530047    
   -1.293163    
   0.7710530    
   0.1889033    
  -0.2233750    
   0.8968490    
   -1.202956    
   1.3487351E-02
  -0.5832338    
  -0.1077846    
   0.5740362    
   -1.147398    
   7.6364696E-02
  -0.7847582    
  -0.1905539    
   0.4416596    
  -0.7705398    
  -0.9743593    
   -1.726409    
   8.5839219E-02
    1.389492    
    1.574954    
   0.2724386    
   0.9266080    
   0.7870787    
   -2.286348    
  -0.4323578    
  -0.1227496    
  -0.1135130    
  -0.7444239    
   0.4952808    
   -1.013653    
   0.6490580    
  -0.5273048    
   -2.095195    
   -1.036167    
  -0.2166220    
    2.732078    
    1.415299    
   0.5167222    
   0.2774200    
    1.711683    
  -0.4724596    
   0.4874330    
   0.1130048    
  -0.2086099    
   -1.232931    
   0.1573238    
