    739.9761    
   -192.9770    
    77.32327    
   -59.95546    
   -593.8369    
   -126.3202    
   -698.5485    
    374.7267    
   -469.7195    
   -303.2984    
   -719.1451    
   -870.9366    
   -741.8596    
   0.5193627    
   -110.8939    
   -842.2216    
    488.0684    
   -635.3076    
   -270.6767    
   -147.2677    
   -349.4683    
   -107.5388    
   -141.9566    
    534.1415    
   -183.1143    
    477.5869    
    461.0940    
    255.2272    
   -769.4619    
    254.5348    
   -265.2436    
    258.4147    
    370.9193    
    494.2966    
    223.8738    
    328.6180    
   -864.5837    
    184.1444    
    275.1233    
    112.1939    
    311.7042    
    237.4228    
    369.4940    
    438.1147    
    170.8659    
    803.7254    
    268.0544    
    340.8894    
    95.95780    
    311.9879    
    331.1938    
    750.4351    
   -399.5671    
   -39.95842    
   -334.1209    
   -647.8798    
   -184.3199    
   -695.3929    
    298.8319    
   -491.9456    
   -114.9769    
   -948.4066    
   -528.6815    
   -470.3013    
   -69.06531    
   -64.68143    
   -567.0444    
    297.0100    
   -756.8471    
   -108.0888    
   -55.52555    
   -757.7239    
   -256.3746    
   -460.9505    
    752.7821    
   -188.8793    
   -429.0696    
    720.8660    
    180.2428    
   -1148.421    
    157.7791    
    58.02633    
    399.0674    
    460.4622    
    518.8937    
    345.7432    
    497.4148    
   -473.8687    
    4.882577    
    25.77176    
    57.31964    
    265.5998    
    588.6254    
    398.3672    
    248.6749    
    652.0022    
    966.5439    
    295.0844    
    172.1848    
    190.2085    
    456.7219    
    618.7798    
    693.6915    
   -801.0394    
   -161.9118    
   -307.7692    
   -266.0691    
    190.4937    
   -423.5557    
    248.3083    
   -226.7815    
   -386.9193    
   -489.0104    
   -1034.127    
   -126.7275    
    322.1024    
   -410.9839    
   -530.8834    
    342.6549    
   -500.5131    
   -82.58377    
   -2.757551    
   -535.5640    
    36.16695    
   -457.9145    
   -29.75619    
   -193.6665    
   -3.959905    
    600.3322    
    203.8381    
   -956.4430    
   -4.640342    
    196.3649    
    347.0297    
    67.86529    
    335.7304    
    349.4760    
    476.0699    
   -662.2919    
   -66.61034    
    319.0605    
   -80.14933    
    333.3917    
    251.7228    
    786.4775    
    290.2314    
    762.1769    
    716.6957    
    410.8925    
    114.9922    
   -83.88549    
    382.6890    
    529.2386    
    600.7457    
   -213.6561    
    206.1603    
    201.2355    
   -130.1698    
   -292.5214    
   -672.5961    
    469.5383    
   -907.1846    
   -8.312900    
   -1008.192    
   -909.9122    
   -503.3938    
    260.0002    
   -234.6660    
   -616.9206    
   -296.3057    
   -723.2491    
   -108.4324    
   -39.66094    
   -879.1456    
    213.6416    
   -189.8667    
    760.5077    
   -214.9246    
   -240.0013    
    616.0897    
    262.9136    
   -803.5256    
    566.9551    
    148.2332    
   -125.3509    
   -266.8366    
    605.0743    
    161.5986    
    562.6580    
   -722.2307    
   -394.3831    
   -119.4251    
   -265.5945    
    271.9784    
    538.1992    
    679.8176    
    390.6325    
    276.7332    
    1034.199    
   -47.78685    
    15.02654    
    3.006125    
    463.9078    
    362.3932    
    698.2862    
   -568.8369    
   -20.12477    
    147.2202    
   -453.4358    
   -145.8743    
   -376.5573    
    349.0240    
   -133.1968    
   -441.3651    
   -1150.117    
   -666.2562    
    47.70343    
    396.4692    
   -284.4846    
   -428.4520    
    311.1003    
   -766.9555    
    44.95433    
   -718.5336    
   -395.4094    
    63.89343    
   -344.1159    
    442.0996    
    51.42760    
   -184.4317    
    443.2687    
    230.0181    
   -516.9026    
    145.5638    
    179.5519    
    258.6679    
    360.5461    
    522.8807    
    393.8951    
    535.9769    
   -669.9900    
   -87.85324    
    146.4136    
   -76.29766    
    466.9599    
    435.3440    
    482.6375    
    46.89088    
    633.6429    
    779.8823    
    320.4040    
   -8.446776    
    222.9509    
    238.4336    
    625.3278    
    662.4081    
   -559.7003    
    71.24297    
   -226.1204    
   -484.8053    
   -211.4681    
   -498.1466    
    61.79343    
   -427.8102    
   -506.2405    
   -443.3235    
   -1252.616    
   -511.0030    
    125.7998    
   -578.2090    
   -669.1200    
    426.5457    
   -576.6586    
   -220.6128    
   -49.85068    
   -144.1270    
   -95.46162    
    1.158782    
    832.8696    
   -86.21185    
    393.7394    
    268.4677    
    315.3563    
    108.7134    
    425.8951    
   -307.4591    
    359.1342    
    221.6596    
    570.5519    
    16.40504    
    399.5866    
   -1191.696    
   -32.23713    
    218.4518    
   -63.64931    
    400.2821    
    363.5869    
    845.5472    
    515.0800    
    482.4391    
    832.5522    
   -137.2169    
    597.8674    
   -73.47557    
    509.9059    
    424.2866    
    596.6837    
    46.29337    
   -79.16625    
   -179.1434    
   -318.5085    
   -124.1806    
   -614.3319    
    355.6205    
   -466.5280    
   -45.01505    
   -531.1241    
   -1059.610    
   -550.4143    
    165.5423    
   -16.93631    
   -432.8175    
    350.2569    
   -787.0228    
   -235.5209    
   -124.1660    
   -739.8600    
   0.9468396    
   -368.4599    
    724.2934    
   -75.29450    
    3.484014    
    380.3936    
    67.90868    
   -931.6665    
    186.3698    
   -251.1860    
    304.2487    
    160.2174    
    535.0624    
    289.6739    
    233.8065    
   -765.6081    
   -390.8141    
   -69.18473    
    91.95444    
    311.6651    
    542.7049    
    411.9525    
    22.26892    
    719.5693    
    779.2786    
    378.5640    
   -51.23874    
    172.1398    
    233.5093    
    341.3418    
    711.7463    
   -422.9043    
    249.3857    
   -70.79314    
   -284.3185    
   -173.3160    
   -265.0834    
    48.19220    
   -947.7145    
    292.4030    
   -872.4995    
   -891.2026    
   -85.96246    
    82.69623    
   -100.7447    
   -389.9499    
    392.3043    
   -696.1848    
    192.1297    
   -101.0688    
   -652.1984    
   -171.0710    
   -457.1091    
    304.5919    
   -244.1633    
    14.86039    
    370.3413    
    275.3451    
   -324.9863    
    47.65968    
   -292.6319    
    123.1655    
    508.5919    
    157.6150    
    129.9027    
    605.5411    
   -1078.191    
    31.67833    
   -91.02889    
   -361.0015    
    275.5245    
    521.6146    
    496.2116    
    392.0428    
    620.4653    
    865.8354    
    195.3340    
    197.1203    
    368.6599    
    188.9606    
    377.8405    
    276.2300    
   -369.2138    
    90.12392    
   -190.9911    
   -550.4054    
   -239.1871    
   -151.8274    
    450.9326    
   -661.0496    
    65.77795    
   -685.9465    
   -741.2572    
   -244.4752    
    16.19635    
   -647.5555    
   -642.2758    
    174.9977    
   -793.6043    
   -14.97893    
   -137.9735    
   -414.0706    
    499.3226    
   -694.1870    
    750.8413    
   -19.56299    
   -224.1968    
    423.5184    
    70.36120    
   -183.6013    
    243.5455    
    244.5943    
    471.4184    
    179.2476    
    395.6429    
    146.4176    
    510.2748    
   -779.9249    
   -98.06714    
   -61.68264    
   -392.0787    
    270.4026    
    472.0093    
    696.1702    
    394.9717    
    499.0379    
    758.4235    
   -122.5347    
    232.6118    
   -147.2038    
    179.2798    
    485.9002    
    521.4745    
    253.1332    
   -14.29968    
   -392.9983    
   -360.0223    
   -180.1977    
   -324.9718    
    165.4504    
   -876.1265    
   -216.1776    
   -1004.508    
   -811.4017    
   -136.7502    
   -134.0916    
   -296.1040    
   -743.7248    
    224.7275    
   -708.2018    
    173.4695    
   -69.25922    
   -438.1593    
    267.7797    
   -193.7299    
    755.6122    
   -350.1964    
    165.3071    
    507.1844    
   -87.74165    
   -1068.085    
    325.0130    
   -248.7271    
    494.8068    
    120.3223    
    426.9811    
    165.7395    
    530.9200    
   -879.4863    
   -138.7753    
    244.0949    
   -392.3570    
    295.1921    
    443.8458    
    257.0723    
    434.0395    
    373.3162    
    736.4351    
    551.0545    
    188.2674    
    296.2502    
    116.8638    
    333.1895    
    421.6591    
   -24.52016    
    247.2362    
   -41.19223    
   -527.7626    
   -135.3508    
   -574.1565    
    371.6349    
    16.06214    
   -48.81885    
   -658.6770    
   -588.1269    
    36.74662    
    354.9445    
   -88.87107    
   -402.0540    
    182.3378    
   -388.2647    
   -26.16539    
    29.13743    
   -575.7413    
   -167.5449    
   -109.6915    
    317.1636    
   -348.0150    
   -464.6230    
    465.1906    
    67.27325    
   -547.1615    
    362.0350    
    249.2247    
    105.6700    
    466.4341    
    560.1398    
    408.2161    
    287.4561    
   -556.2190    
   -154.9950    
    101.3177    
   -481.1923    
    218.9149    
    584.1446    
    695.4667    
    414.2455    
    493.2317    
    496.9076    
   -108.7862    
    378.5495    
    84.18422    
    311.8446    
    541.3162    
    606.0425    
   -388.4888    
    206.0932    
   -204.7401    
   -281.4373    
   -93.98191    
   -534.4944    
    299.5948    
   -794.0878    
   -158.4901    
   -1238.681    
   -1052.300    
   -28.49726    
   -90.16087    
   -299.6729    
   -636.3868    
    23.29462    
   -458.5041    
   -50.60569    
   -201.1514    
   -395.9298    
    49.96536    
   -617.0818    
    704.6475    
   -97.27866    
   -226.5567    
    971.6774    
    393.1488    
   -989.1547    
    30.60141    
   -61.30478    
    340.5353    
    237.7823    
    550.8052    
    219.8463    
    470.7664    
    25.68672    
    79.90209    
   -124.6862    
   -338.3590    
    252.5244    
    569.1956    
    747.7966    
    476.5609    
    596.9139    
    713.0330    
    301.5272    
    409.8625    
    105.6130    
    434.3799    
    526.4866    
    449.0707    
   -246.8589    
   -6.185450    
    97.58981    
   -105.4114    
   -333.0972    
   -94.73272    
    581.3920    
   -716.3341    
    3.803411    
   -948.4066    
   -1045.393    
   -87.42696    
   -109.2014    
   -170.5868    
   -773.6183    
    218.1555    
   -909.3588    
   -214.5801    
    211.3952    
   -623.8068    
    205.3366    
   -82.96468    
    771.7759    
   -58.99243    
   -123.6790    
    681.1401    
    379.8641    
   -940.5745    
    157.2639    
   -350.6722    
    354.0283    
    110.1705    
    362.1615    
    85.61224    
    239.1026    
   -652.9711    
   -197.6531    
   -454.7022    
   -197.2861    
    221.7588    
    464.5294    
    339.9817    
    530.8990    
    625.5958    
    791.8613    
    281.2146    
    120.4818    
    154.4033    
    414.7225    
    510.4948    
    409.4037    
   -160.0558    
    143.7182    
    2.251979    
   -496.9720    
   -205.6672    
   -235.2935    
   -217.0199    
   -1040.437    
   -253.9689    
   -458.7819    
   -782.9184    
   -434.5826    
    220.2413    
   -357.5107    
   -813.5353    
    457.1494    
   -879.7362    
    113.0038    
   -38.63976    
   -621.9745    
   -310.7697    
    172.6643    
    248.6937    
    23.21664    
   -122.4111    
    351.8029    
    234.4086    
   -237.3342    
    11.31664    
   -3.563413    
    354.8407    
    376.9254    
    413.4332    
    67.58601    
    691.0977    
   -277.5967    
   -73.63644    
    95.09107    
    76.76019    
    194.3761    
    332.4561    
    786.3137    
    547.8246    
    392.2026    
    737.1561    
    125.5846    
    224.9995    
   -65.28724    
    219.0313    
    431.8401    
    921.4044    
   -59.21445    
    19.87250    
   -335.3226    
   -655.6869    
   -208.9541    
   -269.0558    
    65.04257    
   -585.9221    
   -310.2574    
   -316.6631    
   -482.7197    
   -708.2332    
    301.5490    
   -456.5837    
   -21.89442    
    575.6038    
   -736.2877    
    121.2322    
   -420.6803    
   -644.6031    
    16.03207    
   -592.1014    
    703.8046    
   -81.73532    
   -464.3383    
    331.8389    
    242.5045    
   -760.1849    
    519.0833    
   -393.7559    
    620.6725    
    166.0081    
    398.3549    
   -134.5494    
    146.0989    
   -681.1445    
   -262.4550    
   -127.0247    
    257.1952    
    120.5847    
    73.64826    
    569.7197    
    248.6685    
    387.1328    
    667.7039    
    403.1906    
    236.6374    
    80.70303    
    518.6132    
    259.7202    
    538.1277    
   -353.4378    
    45.30824    
   -159.4803    
   -220.8472    
   -154.6667    
   -641.3233    
    371.6161    
   -348.9319    
   -128.7293    
   -526.3367    
   -693.4001    
   -335.2622    
    418.1506    
   -789.7695    
   -460.1142    
    573.8396    
   -600.3072    
   -133.0932    
    75.67532    
   -645.1934    
   -232.7378    
   -315.8708    
    406.8165    
    82.39292    
    113.1070    
    599.4044    
    307.0421    
   -1219.192    
    38.18851    
   -234.3284    
    306.7705    
    420.0480    
    764.3856    
    161.5619    
    300.2650    
   -782.8563    
   -137.0273    
   -57.44370    
   -73.56419    
    364.0413    
    671.6964    
    733.5215    
    342.4422    
    696.0804    
    838.8737    
    204.3614    
    443.6381    
   -201.2543    
    362.2652    
    684.5266    
    568.3934    
   -141.5500    
   -36.40322    
   -37.12371    
   -507.6852    
   -272.7620    
   -412.6129    
    252.7366    
   -217.7829    
   -308.0343    
   -667.1992    
   -1059.976    
   -726.5331    
    200.0639    
   -477.9202    
   -732.1665    
    540.2436    
   -473.8575    
    32.09760    
   -92.43374    
   -284.4504    
    234.0546    
   -371.8690    
    549.9412    
   -156.4706    
   -9.133655    
    560.6198    
    18.97536    
   -928.0056    
    70.07236    
   -500.5159    
    75.96323    
    152.8973    
    398.3685    
   -35.11532    
    401.6392    
   -720.3683    
    64.49932    
    381.7978    
   -347.9107    
    313.0555    
    666.4424    
    527.4412    
    440.8799    
    606.9452    
    765.8243    
    319.7992    
    567.0972    
    81.45992    
    423.7552    
    406.2875    
    774.5115    
   -278.6954    
    371.3974    
   -134.5278    
   -711.3326    
   -111.1982    
   -851.8508    
    110.7990    
    130.5490    
   -455.2389    
   -1143.886    
   -1007.318    
    218.8606    
    185.4917    
   -52.97156    
   -761.0444    
    345.8128    
   -636.0753    
    142.6595    
   -609.7856    
   -843.1304    
   -207.9963    
   -244.2857    
    527.0446    
    12.34770    
   -27.40660    
    422.5653    
    359.3717    
   -1151.781    
    361.5738    
    395.5765    
    12.01885    
    311.1862    
   -22.44135    
    441.7709    
    699.7180    
   -466.2723    
   -291.6669    
    108.8513    
    69.66571    
    375.2512    
    16.10181    
    455.5611    
    307.8967    
    666.0093    
    655.8388    
   -18.03799    
    296.4495    
    349.1472    
    204.0408    
    395.8828    
    872.3538    
   -551.7211    
   -104.6113    
   -219.3198    
   -227.0247    
    76.01044    
   -768.3177    
    465.6610    
   -1086.014    
   -276.3074    
   -925.4437    
   -588.2880    
    13.83873    
    280.8523    
   -721.5527    
   -591.5336    
    426.8327    
   -886.9318    
   -255.9245    
   -320.8997    
   -248.3434    
   -417.9210    
   -335.6224    
    424.4730    
   -57.33735    
    420.4688    
    651.3391    
    194.3206    
   -759.0610    
    279.9863    
   -408.9277    
    255.9732    
    405.0232    
    562.7090    
    115.7274    
    30.56686    
   -628.7950    
   -128.1567    
    494.6693    
    109.6293    
    413.0506    
    319.6465    
    663.6165    
    43.18747    
    580.3846    
    757.0141    
    76.89397    
    281.4214    
    324.3646    
    346.9997    
    466.4746    
    846.4348    
   -118.3572    
    132.8963    
    29.08125    
   -509.5791    
   -56.30246    
   -614.0716    
   -40.20421    
   -118.3653    
   -837.1066    
   -1284.778    
   -1000.012    
   -537.7286    
    219.3185    
   -701.6297    
   -324.9511    
    334.0521    
   -664.0039    
   -145.8014    
   -921.4866    
   -531.0597    
   -433.4483    
    44.78536    
    255.6085    
   -217.0938    
   -41.53491    
    577.6886    
    140.7344    
   -834.7038    
    570.0042    
   -280.5109    
    586.2083    
    337.4753    
    668.7271    
   -285.5939    
    305.1678    
   -552.4423    
    38.98426    
   -253.8169    
   -315.0353    
    479.1563    
    321.7844    
    595.7111    
    244.3004    
    459.9002    
    830.0223    
    365.0883    
    330.2527    
   -130.6382    
    314.4857    
    459.9590    
    491.8126    
   -604.9333    
   0.9692581    
   -223.8719    
   -344.7587    
   -159.9911    
   -359.0515    
    119.3000    
   -131.0488    
   -215.9136    
   -1058.383    
   -825.5511    
   -157.6105    
   -69.21698    
   -269.0591    
   -252.4837    
    488.1584    
   -206.8573    
   -9.295442    
   -221.6675    
   -332.8338    
   -25.64224    
   -256.3263    
    621.5462    
   -251.0977    
   -60.22345    
    664.3505    
    244.4314    
   -575.6616    
    317.0873    
   -594.7720    
    326.8162    
    244.4904    
    788.2198    
    509.0864    
    625.8813    
   -969.6719    
   -268.2244    
   -381.5056    
   -60.86329    
    218.3040    
    497.5562    
    661.8649    
    516.9503    
    570.4871    
    839.7703    
    89.39233    
    16.23536    
   -21.44100    
    341.3159    
    534.0938    
    494.7756    
   -425.4248    
    313.5253    
   -17.55964    
   -370.8771    
   -107.8520    
   -660.8063    
    56.85169    
   -932.5021    
   -197.4380    
   -645.9020    
   -584.8422    
   -609.4009    
    180.9945    
   -579.5217    
   -834.1464    
    458.3183    
   -742.4744    
   -84.09115    
   -190.5787    
   -548.9695    
    105.0204    
   -281.3907    
    376.2194    
   -200.8141    
    265.0870    
    488.1406    
   -253.4070    
   -999.9554    
    158.1806    
    150.5018    
    298.3813    
    331.9527    
    433.5085    
    291.6629    
    225.5621    
   -563.1252    
   -268.9425    
    83.89933    
   -326.6835    
    250.4193    
    322.7684    
    845.5472    
    123.6562    
    662.0685    
    987.9443    
    413.7108    
    184.8972    
   -6.338387    
    362.0893    
    443.7029    
    666.4407    
   -462.1337    
    195.0742    
    7.159300    
   -217.8436    
   -281.9879    
   -339.0667    
   -478.6203    
   -155.0864    
   -554.9711    
   -673.9126    
   -1062.781    
   -30.15066    
   -76.81366    
   -405.0618    
   -827.9333    
    367.4034    
   -767.7808    
   -141.7837    
   -137.9337    
   -695.1782    
   -585.1092    
   -468.3743    
    673.0931    
   -254.3008    
   -203.5353    
    734.7195    
    247.6498    
   -1110.712    
    296.4686    
    196.9094    
    470.3147    
    44.20227    
    497.9039    
    460.9581    
    480.7587    
   -815.4236    
   -404.0224    
   -245.2257    
    173.4541    
    263.8975    
    373.9601    
    506.3557    
   -24.29985    
    331.4685    
    899.4030    
   -1.753373    
   -6.625376    
    158.7269    
    433.2296    
    551.5351    
    461.0296    
   -468.6516    
   -241.9635    
   -148.7234    
   -458.8468    
   -498.0938    
   -651.1700    
    310.5003    
   -964.2587    
   -71.81490    
   -628.9916    
   -850.7849    
   -587.7431    
    323.3806    
   -330.5663    
   -900.6848    
    384.9526    
   -538.6049    
    164.7624    
    102.3549    
   -876.0400    
   -329.3004    
   -63.52524    
    610.9435    
    55.03374    
    65.47373    
    585.7204    
    117.4326    
   -443.9820    
    390.0308    
   -31.99426    
    538.5573    
    238.0254    
    588.2988    
    64.10704    
    608.0002    
   -500.8186    
   -247.9760    
    38.60594    
   -65.45314    
    316.8717    
    358.2280    
    504.3368    
    502.0463    
    539.5747    
    710.9051    
   -71.85569    
    172.9464    
    40.09392    
    404.9554    
    452.0313    
    513.5705    
   -421.5219    
    170.5119    
   -222.9154    
   -410.9158    
   -59.23662    
   -466.0948    
    463.3706    
   -1337.307    
   -473.3592    
   -318.5749    
   -795.2593    
   -467.8260    
   -40.33105    
   -112.3168    
   -387.6579    
    459.4836    
   -626.0139    
   -188.6034    
   -333.1817    
   -337.3904    
    87.29657    
   -268.1584    
   -154.5120    
   -319.0187    
    243.3999    
    671.9351    
    313.5024    
   -589.7058    
    555.6788    
   -194.7888    
    246.3910    
    107.9907    
    227.4278    
    60.10028    
    183.5497    
   -1110.465    
   -436.7996    
   -182.7250    
   -296.1832    
    303.6080    
    196.8612    
    536.6862    
    324.7138    
    459.4416    
    540.2381    
    208.5119    
    260.3229    
    142.8412    
    513.7940    
    629.1698    
    692.2216    
   -268.4263    
    214.1239    
   -182.6490    
   -448.2137    
   -33.98825    
    94.43885    
    403.0719    
   -160.6508    
   -517.9469    
   -811.1434    
   -556.8763    
   -551.2717    
    452.8121    
   -332.2120    
   -209.0033    
    593.4487    
   -470.9071    
   -76.63586    
   -271.1225    
   -599.8924    
    110.6148    
   -603.7810    
    799.3860    
   -84.04822    
    316.3838    
    524.8093    
    371.6391    
   -709.5620    
    272.5324    
   -20.17949    
    448.9579    
    164.8030    
    606.0879    
   -231.9124    
    308.7937    
   -771.7125    
   -200.2310    
    146.9598    
   -164.1474    
    262.9365    
    209.0087    
    435.3258    
    380.0711    
    698.5249    
    849.2275    
    485.5475    
    255.8310    
   -133.4110    
    15.29938    
    198.7548    
    631.3494    
   -508.3498    
    189.6787    
    119.4957    
   -459.4261    
   -157.2206    
   -548.6119    
    312.4281    
   -254.8189    
   -41.85081    
   -733.8246    
   -1152.695    
   -658.1312    
    299.2602    
   -548.2078    
   -604.1136    
    313.0239    
   -740.2589    
    140.0884    
    29.53963    
   -867.1661    
    144.6998    
   -202.6804    
    369.9899    
   -364.1487    
   -177.9949    
    333.3030    
    321.3881    
   -889.4501    
    329.8747    
    113.1412    
    398.0247    
    170.4277    
    555.2090    
   -197.2339    
    470.3253    
   -529.0690    
   -392.6206    
   -167.9830    
   -45.20230    
    285.5021    
    201.5661    
    677.6422    
    335.7191    
    702.4139    
    694.0397    
    476.7946    
    188.4609    
    84.81780    
    411.2378    
    626.2686    
    547.4766    
   -265.7360    
   -77.63898    
   -460.2404    
   -210.2833    
   -92.43526    
   -545.5327    
    516.6854    
   -547.5989    
   -170.7519    
   -875.4966    
   -528.6815    
    243.1008    
    242.8860    
   -652.8689    
   -523.0491    
    348.4270    
   -749.3387    
   -63.80828    
   -144.9155    
   -421.9852    
   -11.00978    
   -56.79335    
    832.2441    
   -70.04517    
   -392.9831    
    433.7689    
    247.5790    
   -599.0840    
    363.7216    
   -39.99488    
   -33.29900    
    370.4409    
    335.7304    
    181.8545    
    373.3188    
   -588.1939    
   -198.5816    
    290.1346    
   -297.9456    
    524.9132    
   -87.54308    
    506.3557    
    295.3135    
    651.7621    
    651.7457    
   -63.94975    
    40.30218    
   -106.3366    
    376.6543    
    669.6595    
    478.4066    
   -501.3421    
    85.84997    
    8.107009    
   -85.81631    
   -62.40042    
   -97.92435    
    418.7804    
    210.9216    
   -470.3186    
   -611.8735    
   -1183.547    
   -45.16641    
   -173.1639    
   -305.5522    
   -146.3322    
    602.2643    
   -278.1422    
    256.7419    
   -278.2648    
   -518.9161    
   -213.6128    
   -242.5646    
    717.2134    
    94.34003    
    177.7810    
    479.9219    
    540.5495    
   -1101.825    
    231.3710    
   -46.57448    
    349.1031    
    273.6939    
    491.4475    
    125.8174    
    415.5858    
   -518.8964    
   -45.69064    
   -382.1270    
   -117.3906    
    528.4371    
    308.7549    
    471.3378    
    297.6826    
    513.7679    
    777.5449    
    341.6230    
    302.1953    
    168.0636    
    512.9233    
    466.6406    
    881.1904    
   -54.80183    
    62.19350    
   -408.7761    
   -160.3362    
   -103.1161    
   -480.8639    
    110.2878    
   -822.3965    
    353.6297    
   -768.1453    
   -1158.814    
    300.8157    
    13.11924    
   -365.5639    
   -829.4105    
    502.8651    
   -691.8489    
   -15.40804    
   -142.2244    
   -1200.730    
    244.4573    
   -184.7664    
    257.0157    
   -106.0410    
   -114.9510    
    635.8448    
    117.0417    
   -521.5264    
   -48.00639    
   -553.3282    
    333.7438    
    122.2857    
    54.54729    
   -123.1714    
    444.2027    
   -687.4401    
    170.8605    
   -547.3391    
   -4.426002    
    424.1433    
   -140.5031    
    501.0977    
    204.4643    
    616.8980    
    839.0189    
    304.5903    
   -133.5354    
    23.73558    
    338.8955    
    540.5996    
