   5.0494269E-02  4.9533457E-02  4.8627343E-02  4.7850057E-02  4.7252640E-02
   4.6870146E-02  4.6719663E-02  4.6787187E-02  4.7030594E-02  4.7393259E-02
   4.7811832E-02  4.8223350E-02  4.8571050E-02  4.8813354E-02  4.8924666E-02
   4.8891284E-02  4.8707046E-02  4.8381153E-02  4.7939837E-02  4.7428701E-02
   4.6916835E-02  4.6494160E-02  4.6254843E-02  4.6273857E-02  4.6587713E-02
   4.7191329E-02  4.8039194E-02  4.9048312E-02  5.0115507E-02  5.1128134E-02
   5.1971857E-02  5.2544523E-02  5.2774906E-02  5.2637998E-02  5.2159909E-02
   5.1409565E-02  7.1076281E-02  6.6317394E-02  6.1936203E-02  5.8395188E-02
   5.5964563E-02  5.4690637E-02  5.4435711E-02  5.4961942E-02  5.6018244E-02
   5.7388145E-02  5.8902491E-02  6.0416263E-02  6.1772026E-02  6.2782332E-02
   6.3247435E-02  6.3021645E-02  6.2070277E-02  6.0524262E-02  5.8632318E-02
   5.6660987E-02  5.4817144E-02  5.3247914E-02  5.2124150E-02  5.1730771E-02
   5.2461326E-02  5.4685757E-02  5.8534250E-02  6.3725054E-02  6.9563918E-02
   7.5134195E-02  7.9587333E-02  8.2348004E-02  8.3181277E-02  8.2145102E-02
   7.9505280E-02  7.5655475E-02  8.2097322E-02  7.0857994E-02  6.0732175E-02
   5.3074226E-02  4.8437987E-02  4.6579823E-02  4.6738885E-02  4.8012372E-02
   4.9698934E-02  5.1498234E-02  5.3456981E-02  5.5732466E-02  5.8306225E-02
   6.0778219E-02  6.2354412E-02  6.2184490E-02  5.9937213E-02  5.6187857E-02
   5.2169517E-02  4.9000971E-02  4.7006406E-02  4.5728117E-02  4.4573303E-02
   4.3598279E-02  4.3860558E-02  4.7004137E-02  5.4284975E-02  6.5594517E-02
   7.9122014E-02  9.2111647E-02  0.1021854      0.1081078      0.1096945    
   0.1072950      0.1014318      9.2745043E-02  7.9332396E-02  6.0377739E-02
   4.4235863E-02  3.3455849E-02  2.8294118E-02  2.7542243E-02  2.9416742E-02
   3.1908751E-02  3.3523869E-02  3.4085665E-02  3.4549903E-02  3.6209762E-02
   3.9806288E-02  4.4872984E-02  4.9437199E-02  5.0737929E-02  4.7240052E-02
   4.0287189E-02  3.3487670E-02  3.0088697E-02  3.0648917E-02  3.3082429E-02
   3.4532983E-02  3.3623327E-02  3.1775162E-02  3.2731727E-02  4.0260326E-02
   5.5382282E-02  7.5207092E-02  9.4598420E-02  0.1093986      0.1180826    
   0.1209291      0.1184047      0.1104706      9.7076878E-02  5.7803683E-02
   3.3314507E-02  1.5041268E-02  5.9678103E-03  4.5577264E-03  7.8973388E-03
   1.3491279E-02  1.8112168E-02  1.8828681E-02  1.5736636E-02  1.1746136E-02
   1.0005273E-02  1.2457729E-02  1.9278802E-02  2.7667005E-02  3.2149505E-02
   2.8663531E-02  1.8831566E-02  9.1351401E-03  5.5731162E-03  9.3469396E-03
   1.7060585E-02  2.3530381E-02  2.5055248E-02  2.1842519E-02  1.8680323E-02
   2.2317450E-02  3.6205053E-02  5.7179566E-02  7.8256764E-02  9.4497263E-02
   0.1049417      0.1098694      0.1084959      9.9370636E-02  8.1773549E-02
   1.9675598E-02 -4.1717971E-03 -1.8008657E-02 -1.8981669E-02 -1.1230794E-02
  -1.9292286E-04  1.0747017E-02  1.7107371E-02  1.4811098E-02  5.4584914E-03
  -5.3591770E-03 -1.3329806E-02 -1.5566479E-02 -1.0378882E-02 -2.8692168E-04
   7.0718764E-03  4.7188355E-03 -6.6032335E-03 -1.8879129E-02 -2.4208734E-02
  -1.9909244E-02 -8.1644403E-03  5.0064949E-03  1.2935683E-02  1.2495788E-02
   6.9435248E-03  4.8732748E-03  1.3009258E-02  2.9389532E-02  4.6662837E-02
   6.0497053E-02  7.0842303E-02  7.7124231E-02  7.6009035E-02  6.5269299E-02
   4.5304786E-02 -2.2531152E-02 -3.8757592E-02 -4.3270376E-02 -3.3190109E-02
  -1.3687287E-02  6.8449979E-03  2.2589264E-02  2.8142789E-02  2.0612700E-02
   4.5681153E-03 -1.3110198E-02 -2.8624037E-02 -3.7913527E-02 -3.7275929E-02
  -2.8693972E-02 -2.0893000E-02 -2.2553777E-02 -3.4358405E-02 -4.9223054E-02
  -5.8609098E-02 -5.6767829E-02 -4.2415492E-02 -2.1464286E-02 -4.3203486E-03
   1.6079640E-03 -3.2016702E-03 -1.0167606E-02 -9.8902844E-03 -1.8908301E-03
   7.9300515E-03  1.6931150E-02  2.5342397E-02  3.0847631E-02  2.8512558E-02
   1.6815476E-02 -1.7501322E-03 -5.3443525E-02 -5.8929265E-02 -5.3781331E-02
  -3.5358995E-02 -7.2212620E-03  2.0504519E-02  3.8319308E-02  4.0790092E-02
   2.8875101E-02  9.4994605E-03 -1.2669828E-02 -3.5125092E-02 -5.0938483E-02
  -5.4544535E-02 -4.8573785E-02 -4.2205893E-02 -4.4364557E-02 -5.7395693E-02
  -7.6210484E-02 -9.1012411E-02 -9.1694772E-02 -7.4252471E-02 -4.5711927E-02
  -2.0570088E-02 -8.8700783E-03 -1.1223211E-02 -2.0773241E-02 -2.7818862E-02
  -2.8899677E-02 -2.6760146E-02 -2.2633804E-02 -1.6968712E-02 -1.3518677E-02
  -1.7047757E-02 -2.7479732E-02 -4.1239414E-02 -6.4408973E-02 -6.1858378E-02
  -5.0270244E-02 -2.8766345E-02  7.5868017E-04  2.9511694E-02  4.6110563E-02
   4.6009090E-02  3.3761613E-02  1.5771972E-02 -7.5696623E-03 -3.4096830E-02
  -5.3106118E-02 -5.8180071E-02 -5.3321045E-02 -4.8014317E-02 -5.1310580E-02
  -6.7108735E-02 -9.0975381E-02 -0.1100785     -0.1105564     -8.9086138E-02
  -5.5705700E-02 -2.7577486E-02 -1.4217312E-02 -1.4605834E-02 -2.4384696E-02
  -3.6162131E-02 -4.3871731E-02 -4.6329767E-02 -4.4979885E-02 -4.1669872E-02
  -4.0087830E-02 -4.3837637E-02 -5.1175080E-02 -5.9243195E-02 -5.6171555E-02
  -5.1216096E-02 -3.7563607E-02 -1.6933082E-02  7.1841776E-03  3.0060142E-02
   4.2780723E-02  4.2049605E-02  3.2535590E-02  1.7741999E-02 -3.7988103E-03
  -2.9160358E-02 -4.6449449E-02 -5.0167825E-02 -4.4458363E-02 -3.8451161E-02
  -4.2110287E-02 -6.0134728E-02 -8.6758733E-02 -0.1064652     -0.1042006    
  -8.0064833E-02 -4.6990555E-02 -2.1768378E-02 -1.1414927E-02 -1.2220236E-02
  -2.1405760E-02 -3.4376096E-02 -4.4195678E-02 -4.7050428E-02 -4.5934912E-02
  -4.3866467E-02 -4.3221019E-02 -4.6593457E-02 -5.0760422E-02 -5.4221407E-02
  -3.6226321E-02 -3.2514814E-02 -2.1058895E-02 -4.0758816E-03  1.1213299E-02
   2.4395559E-02  3.1474605E-02  3.0399073E-02  2.3114907E-02  1.0337414E-02
  -7.0735579E-03 -2.5927110E-02 -3.7119042E-02 -3.7730221E-02 -3.0633610E-02
  -2.2822568E-02 -2.4623442E-02 -4.0909551E-02 -6.4345554E-02 -8.0159128E-02
  -7.5176902E-02 -5.2321762E-02 -2.4889156E-02 -6.8982700E-03 -2.8251742E-03
  -7.0144236E-03 -1.6346490E-02 -2.7212556E-02 -3.4831490E-02 -3.5624240E-02
  -3.3694975E-02 -3.1742599E-02 -3.0653037E-02 -3.3091720E-02 -3.5263315E-02
  -3.5788029E-02 -1.5811231E-02 -1.3399255E-02 -7.1040071E-03  3.0438898E-03
   8.9544449E-03  1.3308158E-02  1.4641236E-02  1.2287621E-02  6.4572985E-03
  -3.8962949E-03 -1.5616940E-02 -2.6400600E-02 -3.0311137E-02 -2.7436431E-02
  -2.0088408E-02 -1.1658991E-02 -9.9791270E-03 -1.9801505E-02 -3.4293074E-02
  -4.3005764E-02 -3.7128605E-02 -1.9680301E-02 -1.3664227E-03  7.2271023E-03
   4.3243687E-03 -3.7065987E-03 -1.2957138E-02 -1.9336369E-02 -2.2813009E-02
  -2.1645442E-02 -1.9235024E-02 -1.6990256E-02 -1.4735919E-02 -1.5479460E-02
  -1.7202511E-02 -1.7033026E-02 -4.3669501E-03 -2.2698371E-03 -9.9906267E-04
   8.0208434E-04 -1.0504593E-03 -1.5737424E-03 -3.8585856E-03 -7.0376764E-03
  -9.7914049E-03 -1.4847678E-02 -2.0716140E-02 -2.5781311E-02 -2.4909688E-02
  -2.0295799E-02 -1.4402894E-02 -7.7746739E-03 -3.7566219E-03 -6.0852855E-03
  -1.0446279E-02 -1.1592536E-02 -6.2066922E-03  3.8973943E-03  1.2053757E-02
   1.1794521E-02  4.7821822E-03 -3.5906113E-03 -1.0559859E-02 -1.1882146E-02
  -1.1796431E-02 -9.5228869E-03 -6.9511337E-03 -4.9454821E-03 -2.6990534E-03
  -2.5200003E-03 -5.4211244E-03 -6.5684686E-03 -2.4808780E-03 -1.0515881E-03
  -1.8745882E-03 -5.1078796E-03 -1.0546757E-02 -1.2039121E-02 -1.4904884E-02
  -1.7574295E-02 -1.7177073E-02 -1.7197113E-02 -1.8783746E-02 -2.0189038E-02
  -1.7600235E-02 -1.4278536E-02 -1.0504407E-02 -6.1334241E-03 -2.1660663E-03
  -2.0356143E-04  1.6036646E-03  5.2281851E-03  9.4165066E-03  1.2986370E-02
   1.3094016E-02  7.9694400E-03  1.4736756E-03 -3.6300668E-03 -7.3200180E-03
  -5.9408988E-03 -4.1953935E-03 -1.2431910E-03  1.4106960E-03  2.4727706E-03
   2.6621465E-03  1.5236768E-03 -2.7867362E-03 -4.5395582E-03  2.3470817E-02
   2.4592917E-02  2.5339156E-02  2.5724171E-02  2.5761990E-02  2.5473634E-02
   2.4887115E-02  2.4028607E-02  2.2924203E-02  2.1602418E-02  2.0097103E-02
   1.8442607E-02  1.6676025E-02  1.4840500E-02  1.2970447E-02  1.1099279E-02
   9.2607215E-03  7.4932463E-03  5.8370628E-03  4.3273782E-03  2.9991644E-03
   1.8992997E-03  1.0905568E-03  6.4264226E-04  6.2182464E-04  1.0848271E-03
   2.0741560E-03  3.5794550E-03  5.5313092E-03  7.8260005E-03  1.0342381E-02
   1.2946633E-02  1.5510390E-02  1.7924542E-02  2.0101998E-02  2.1966437E-02
   4.5413267E-02  4.7590971E-02  4.8699707E-02  4.8752796E-02  4.7821648E-02
   4.6048682E-02  4.3628998E-02  4.0784046E-02  3.7714921E-02  3.4560148E-02
   3.1387791E-02  2.8196944E-02  2.4975302E-02  2.1745069E-02  1.8542690E-02
   1.5426197E-02  1.2417414E-02  9.4594574E-03  6.4068087E-03  3.0688969E-03
  -6.6780910E-04 -4.7028321E-03 -8.6573614E-03 -1.1936555E-02 -1.3897183E-02
  -1.4032022E-02 -1.2090115E-02 -8.1213322E-03 -2.4373587E-03  4.4427309E-03
   1.1917708E-02  1.9407257E-02  2.6433488E-02  3.2666814E-02  3.7936002E-02
   4.2188063E-02  6.1608948E-02  6.4502940E-02  6.5540276E-02  6.4689010E-02
   6.2048793E-02  5.7815142E-02  5.2350543E-02  4.6234149E-02  4.0144704E-02
   3.4685820E-02  3.0171106E-02  2.6605532E-02  2.3875633E-02  2.1846764E-02
   2.0323360E-02  1.9037968E-02  1.7756950E-02  1.6277932E-02  1.4109272E-02
   1.0298322E-02  3.8829260E-03 -5.2450290E-03 -1.5864365E-02 -2.5752462E-02
  -3.2565560E-02 -3.4727067E-02 -3.1881057E-02 -2.4698548E-02 -1.4362711E-02
  -2.2114113E-03  1.0538776E-02  2.2874184E-02  3.3996303E-02  4.3395165E-02
   5.0996888E-02  5.7050642E-02  6.3970305E-02  6.7235731E-02  6.8095997E-02
   6.6923827E-02  6.3739896E-02  5.8242366E-02  5.0354514E-02  4.0581565E-02
   3.0236034E-02  2.1080615E-02  1.4354712E-02  1.0541234E-02  9.7917439E-03
   1.1924873E-02  1.5883490E-02  1.9865455E-02  2.2742443E-02  2.4727158E-02
   2.5771780E-02  2.3713360E-02  1.5242749E-02 -8.0940139E-04 -2.1668555E-02
  -4.1842211E-02 -5.5806525E-02 -6.0205523E-02 -5.4863051E-02 -4.2490672E-02
  -2.6857471E-02 -1.0593357E-02  5.1341732E-03  1.9674074E-02  3.2313321E-02
   4.2669240E-02  5.1167797E-02  5.8373816E-02  4.9184565E-02  5.1499188E-02
   5.2752014E-02  5.3733688E-02  5.2960340E-02  4.8652429E-02  4.0264402E-02
   2.7990986E-02  1.3369082E-02 -3.8483331E-04 -1.0219691E-02 -1.4602582E-02
  -1.2943883E-02 -5.2679149E-03  6.1300197E-03  1.6643427E-02  2.3725733E-02
   2.9575292E-02  3.6558919E-02  4.0809669E-02  3.3802718E-02  1.1133091E-02
  -2.2626659E-02 -5.6938112E-02 -8.1249192E-02 -8.9001589E-02 -7.9848222E-02
  -5.9750378E-02 -3.7095580E-02 -1.7079448E-02 -6.1514188E-04  1.2895681E-02
   2.3454789E-02  3.1282932E-02  3.7944928E-02  4.4366103E-02  1.8756373E-02
   1.9261297E-02  2.3661137E-02  3.1573538E-02  3.6486562E-02  3.4278657E-02
   2.5641853E-02  1.1509291E-02 -6.4739017E-03 -2.3851540E-02 -3.5715304E-02
  -3.9662220E-02 -3.5115074E-02 -2.2389503E-02 -5.0020213E-03  1.0134637E-02
   2.0091791E-02  3.0789625E-02  4.8353635E-02  6.6194683E-02  6.7315787E-02
   4.0825903E-02 -7.8767538E-03 -6.1070286E-02 -0.1006261     -0.1148793    
  -0.1027483     -7.4150614E-02 -4.3235131E-02 -1.8414306E-02 -1.2625094E-03
   9.1764480E-03  1.4283982E-02  1.5606487E-02  1.6245279E-02  1.7869823E-02
  -2.1035194E-02 -2.1395385E-02 -9.5145600E-03  9.6790297E-03  2.2031302E-02
   2.1915417E-02  1.2595645E-02 -3.5387774E-03 -2.3567049E-02 -4.2127077E-02
  -5.4366868E-02 -5.7354659E-02 -4.9951743E-02 -3.3442620E-02 -1.3029897E-02
   3.9399946E-03  1.6615380E-02  3.4915593E-02  6.7422107E-02  0.1036409    
   0.1171762      8.9301094E-02  2.4977231E-02 -4.9503855E-02 -0.1057484    
  -0.1271418     -0.1132498     -7.8176633E-02 -4.0859219E-02 -1.1929994E-02
   5.0981273E-03  1.0282001E-02  7.3719542E-03  9.4701991E-06 -8.4412741E-03
  -1.5423924E-02 -5.7856508E-02 -5.6601312E-02 -3.5635486E-02 -6.8846741E-03
   1.0983674E-02  1.4267187E-02  6.4567714E-03 -1.0680653E-02 -3.1316210E-02
  -4.9022499E-02 -6.1319388E-02 -6.4608067E-02 -5.4944612E-02 -3.4797695E-02
  -1.2700799E-02  4.7671036E-03  2.1024825E-02  4.8525486E-02  9.4968997E-02
   0.1455019      0.1675418      0.1375937      6.0303658E-02 -3.0659270E-02
  -9.6986495E-02 -0.1202044     -0.1031052     -6.3672327E-02 -2.4052976E-02
   4.6618348E-03  1.7453065E-02  1.4010178E-02  2.0265356E-03 -1.3180726E-02
  -3.0132068E-02 -4.6162374E-02 -7.8477353E-02 -7.3916763E-02 -4.7080960E-02
  -1.6478730E-02  1.4526364E-03  8.8451821E-03  5.7702200E-03 -9.5376195E-03
  -2.9090282E-02 -4.5460679E-02 -5.7940233E-02 -6.1914586E-02 -4.9447209E-02
  -2.4641970E-02 -1.0304019E-03  1.5844263E-02  3.3996340E-02  6.6876136E-02
   0.1189535      0.1721568      0.1931962      0.1593314      7.6738276E-02
  -1.7971996E-02 -8.2370095E-02 -9.9366821E-02 -7.5560100E-02 -3.1971615E-02
   6.2488900E-03  2.8453238E-02  3.1566154E-02  1.7738318E-02 -1.8120288E-03
  -2.1631058E-02 -4.2613905E-02 -6.3803829E-02 -7.8837089E-02 -7.1129866E-02
  -4.2934991E-02 -1.6767301E-02 -4.3027787E-03  3.2036584E-03  3.7952766E-03
  -6.7247935E-03 -2.2723239E-02 -3.7737846E-02 -4.9176645E-02 -5.1556386E-02
  -3.4936182E-02 -6.3356310E-03  1.6222538E-02  2.9158816E-02  4.3333545E-02
   7.2507255E-02  0.1185036      0.1628170      0.1763280      0.1407546    
   6.5349214E-02 -1.6847776E-02 -6.8094045E-02 -7.3343307E-02 -4.1537482E-02
   4.4259639E-03  3.7224509E-02  4.7429159E-02  3.8106352E-02  1.6684573E-02
  -5.6234882E-03 -2.5113443E-02 -4.3886818E-02 -6.4665608E-02 -6.6150382E-02
  -5.5461638E-02 -2.8148351E-02 -7.0436494E-03 -2.3819392E-03 -1.9168791E-03
  -3.1086328E-03 -7.5717429E-03 -1.6845502E-02 -2.8812459E-02 -3.7141025E-02
  -3.6403280E-02 -1.7453441E-02  9.5913652E-03  2.5533438E-02  3.0278705E-02
   3.4636755E-02  5.1374909E-02  8.1827901E-02  0.1112329      0.1181838    
   8.8508084E-02  3.3639014E-02 -2.2650877E-02 -5.3407565E-02 -4.5295466E-02
  -9.6440390E-03  3.0749753E-02  5.1673181E-02  4.7379211E-02  2.7473783E-02
   4.2601726E-03 -1.3639144E-02 -2.6515104E-02 -3.8237233E-02 -5.5296041E-02
  -4.9196348E-02 -3.5021190E-02 -1.0691361E-02  5.2015544E-03  2.6843885E-03
  -6.4393128E-03 -1.2156468E-02 -1.1254274E-02 -1.1976851E-02 -1.7763380E-02
  -2.2139199E-02 -2.0754911E-02 -5.7332548E-03  1.2819467E-02  1.8805642E-02
   1.5073534E-02  9.5328940E-03  1.1158429E-02  2.2060378E-02  3.6184855E-02
   4.1507609E-02  2.4781579E-02 -2.8622665E-03 -2.8605824E-02 -3.6587864E-02
  -1.7423794E-02  1.3575492E-02  3.7977912E-02  4.2147018E-02  2.6061799E-02
   1.4707501E-03 -1.8208558E-02 -2.5527706E-02 -2.6751794E-02 -3.0622510E-02
  -4.4024490E-02 -3.2833274E-02 -1.6979396E-02  7.5432610E-05  7.6447208E-03
   4.8618167E-04 -1.2727085E-02 -1.9569181E-02 -1.5609566E-02 -1.0056263E-02
  -9.3846032E-03 -1.1332766E-02 -1.2090533E-02 -4.9295016E-03  3.4245658E-03
   2.8559510E-03 -4.2639691E-03 -1.4233844E-02 -2.3357578E-02 -2.8517239E-02
  -2.5755137E-02 -1.9682040E-02 -2.3508901E-02 -2.8261116E-02 -3.0269084E-02
  -2.1315709E-02  8.8589784E-04  1.9164557E-02  2.5099650E-02  1.6590249E-02
  -3.1210128E-03 -2.4367385E-02 -3.6767475E-02 -3.2205593E-02 -2.3161603E-02
  -2.2734029E-02 -3.3602536E-02 -2.2617975E-02 -1.0350000E-02 -2.5365287E-03
  -2.7905910E-03 -9.9678580E-03 -2.0063793E-02 -2.4235515E-02 -2.0119671E-02
  -1.3428730E-02 -1.1053596E-02 -1.3238410E-02 -1.4722213E-02 -1.2205769E-02
  -9.7296732E-03 -1.0739648E-02 -1.6197331E-02 -2.5597936E-02 -3.7958600E-02
  -4.9402315E-02 -5.1475096E-02 -4.5537900E-02 -4.1600727E-02 -3.4564748E-02
  -2.6818870E-02 -1.3812837E-02  1.5309848E-03  6.5408554E-03  2.1707385E-03
  -8.7056961E-03 -2.4197878E-02 -3.6741026E-02 -4.0393166E-02 -2.9051241E-02
  -1.7955082E-02 -1.7466944E-02 -2.5681186E-02 -3.1941957E-03 -2.8590846E-03
  -2.4189814E-03 -1.8207423E-03 -1.0473526E-03 -1.2010401E-04  8.9987973E-04
   1.9209575E-03  2.8344239E-03  3.5316728E-03  3.9194636E-03  3.9411760E-03
   3.5878273E-03  2.8825649E-03  1.8736339E-03  6.2781922E-04 -7.7782583E-04
  -2.2620095E-03 -3.7445172E-03 -5.1523107E-03 -6.4200442E-03 -7.4932734E-03
  -8.3275754E-03 -8.8886106E-03 -9.1571752E-03 -9.1375755E-03 -8.8601578E-03
  -8.3700642E-03 -7.7286237E-03 -6.9984649E-03 -6.2410883E-03 -5.5056084E-03
  -4.8401970E-03 -4.2826599E-03 -3.8433948E-03 -3.4977798E-03 -1.1839191E-02
  -1.2223683E-02 -1.2028223E-02 -1.0825269E-02 -8.3323987E-03 -4.5182761E-03
   3.5005549E-04  5.7222247E-03  1.0873583E-02  1.5074267E-02  1.7752068E-02
   1.8630888E-02  1.7766349E-02  1.5432704E-02  1.2025160E-02  7.9417322E-03
   3.4842459E-03 -1.1584194E-03 -5.8648461E-03 -1.0496064E-02 -1.4837474E-02
  -1.8596448E-02 -2.1467265E-02 -2.3230931E-02 -2.3836479E-02 -2.3417270E-02
  -2.2232110E-02 -2.0568581E-02 -1.8680835E-02 -1.6740108E-02 -1.4892150E-02
  -1.3280714E-02 -1.2044544E-02 -1.1294566E-02 -1.1078594E-02 -1.1330809E-02
  -2.6266081E-02 -2.9117143E-02 -3.0378377E-02 -2.8973883E-02 -2.4274722E-02
  -1.6246587E-02 -5.5479584E-03  6.4505795E-03  1.7953070E-02  2.7231140E-02
   3.3098333E-02  3.5170931E-02  3.3821043E-02  2.9871054E-02  2.4179708E-02
   1.7336622E-02  9.6842544E-03  1.4341627E-03 -7.2278329E-03 -1.6025100E-02
  -2.4440227E-02 -3.1681959E-02 -3.6891844E-02 -3.9522361E-02 -3.9653160E-02
  -3.7959538E-02 -3.5353817E-02 -3.2567218E-02 -2.9912237E-02 -2.7380062E-02
  -2.4868794E-02 -2.2477213E-02 -2.0621473E-02 -1.9905668E-02 -2.0760637E-02
  -2.3103051E-02 -3.4292530E-02 -4.3125577E-02 -4.8131339E-02 -4.7600135E-02
  -4.1241411E-02 -2.9693598E-02 -1.4400960E-02  2.3072830E-03  1.7660912E-02
   2.9334046E-02  3.6095101E-02  3.8149491E-02  3.6818806E-02  3.3523612E-02
   2.8723408E-02  2.1888318E-02  1.2562332E-02  1.0854192E-03 -1.1618310E-02
  -2.4492484E-02 -3.6393937E-02 -4.5987692E-02 -5.1902834E-02 -5.3337377E-02
  -5.0809037E-02 -4.6170067E-02 -4.1492134E-02 -3.7845381E-02 -3.5095476E-02
  -3.2297302E-02 -2.8325791E-02 -2.2916747E-02 -1.7582621E-02 -1.5141641E-02
  -1.7604852E-02 -2.4711045E-02 -2.0611998E-02 -4.2462118E-02 -5.5617228E-02
  -5.8004990E-02 -5.1095389E-02 -3.7426066E-02 -1.9771053E-02 -1.7170383E-03
   1.2954225E-02  2.1888534E-02  2.4882458E-02  2.3532759E-02  2.0883022E-02
   1.9759586E-02  2.0009993E-02  1.8222023E-02  1.1301375E-02 -8.2676054E-04
  -1.6054820E-02 -3.1977467E-02 -4.6563338E-02 -5.7826336E-02 -6.3766472E-02
  -6.2808827E-02 -5.5495374E-02 -4.5513865E-02 -3.7097119E-02 -3.1604890E-02
  -2.7576735E-02 -2.2517309E-02 -1.3213804E-02  1.7737100E-03  1.7920246E-02
   2.6312275E-02  2.1114318E-02  3.3896894E-03  1.0961670E-02 -2.8713647E-02
  -5.1303815E-02 -5.6307908E-02 -4.8833229E-02 -3.3609319E-02 -1.4941842E-02
   1.6506071E-03  1.1558396E-02  1.3650754E-02  9.5640868E-03  2.0617300E-03
  -4.4730459E-03 -4.9188621E-03  1.3810311E-03  7.9755252E-03  7.8189541E-03
  -5.9822155E-04 -1.4783639E-02 -3.1750023E-02 -4.8877675E-02 -6.3094124E-02
  -7.0418537E-02 -6.7443751E-02 -5.3604752E-02 -3.5122961E-02 -2.0239180E-02
  -1.0966510E-02 -3.0757533E-03  8.1766648E-03  2.8131301E-02  5.9773251E-02
   9.2758738E-02  0.1076864      9.4226442E-02  5.7276461E-02  3.4919802E-02
  -1.7118702E-02 -4.1222159E-02 -4.3419540E-02 -3.3315040E-02 -1.6586410E-02
   1.1588947E-03  1.2915835E-02  1.4910077E-02  8.6120293E-03 -2.6043910E-03
  -1.5600122E-02 -2.6209690E-02 -2.8234674E-02 -1.9039566E-02 -6.1924723E-03
   1.6336753E-04 -2.6034652E-03 -1.2437011E-02 -2.7138362E-02 -4.4615541E-02
  -6.1237711E-02 -7.0081852E-02 -6.4974971E-02 -4.4283688E-02 -1.6200479E-02
   6.5471856E-03  2.0343196E-02  3.2992806E-02  5.2782163E-02  8.5691549E-02
   0.1334874      0.1790555      0.1930272      0.1639345      0.1034932    
   2.9473489E-02 -2.0283137E-02 -3.3617407E-02 -2.6673177E-02 -1.1899015E-02
   5.4084952E-03  1.9380253E-02  2.3933131E-02  1.7891197E-02  4.7499486E-03
  -1.1884423E-02 -2.8068163E-02 -3.9958499E-02 -4.3186553E-02 -3.4594297E-02
  -2.0587133E-02 -1.1970262E-02 -1.1192463E-02 -1.6176317E-02 -2.5794860E-02
  -3.9008472E-02 -5.3331465E-02 -6.0516022E-02 -5.2948534E-02 -2.9063715E-02
   4.2747543E-03  3.2721289E-02  4.9653925E-02  6.3885987E-02  8.7939657E-02
   0.1279801      0.1812051      0.2259748      0.2306032      0.1863067    
   0.1091605     -3.3683272E-03 -3.7452430E-02 -3.3792734E-02 -1.6010594E-02
   3.0113650E-03  1.8392021E-02  2.6891716E-02  2.6249636E-02  1.6593454E-02
   4.8230257E-04 -1.9584203E-02 -3.7600514E-02 -4.8011500E-02 -4.9607459E-02
  -4.1976176E-02 -2.9541489E-02 -2.1371756E-02 -1.9388719E-02 -2.1222046E-02
  -2.5948914E-02 -3.1853456E-02 -3.8740460E-02 -4.1075356E-02 -3.3004053E-02
  -1.3390490E-02  1.6765701E-02  4.5400415E-02  6.2126625E-02  7.1797445E-02
   8.9567482E-02  0.1234503      0.1667839      0.1988061      0.1944930    
   0.1474626      7.0431210E-02 -4.5100726E-02 -5.9201855E-02 -4.0768541E-02
  -1.4468243E-02  6.1148419E-03  1.6619554E-02  2.0381501E-02  1.9381622E-02
   1.1374779E-02 -4.0196711E-03 -2.4526486E-02 -4.2919517E-02 -5.1097356E-02
  -4.8868861E-02 -4.0459476E-02 -2.9018275E-02 -2.0640558E-02 -1.7498182E-02
  -1.7648669E-02 -1.9825362E-02 -1.9441744E-02 -1.8180154E-02 -1.6160065E-02
  -1.1300625E-02 -2.5213594E-03  1.7457958E-02  3.9929558E-02  5.1596317E-02
   5.1463105E-02  5.4060675E-02  6.9991678E-02  9.3006648E-02  0.1090609    
   0.1036224      6.9259882E-02  9.2710685E-03 -7.7707365E-02 -7.4989781E-02
  -4.6492182E-02 -1.4769070E-02  3.8122367E-03  8.0236271E-03  8.8456105E-03
   9.3478803E-03  4.0087434E-03 -8.8297902E-03 -2.5472071E-02 -4.1099031E-02
  -4.7429625E-02 -4.1878745E-02 -3.2204852E-02 -2.1361478E-02 -1.2686042E-02
  -8.8148648E-03 -7.7770874E-03 -8.2786735E-03 -4.3329117E-03  1.4887096E-03
   5.0826343E-03  5.2178279E-03  1.9429211E-03  9.9289035E-03  2.2628961E-02
   2.5400786E-02  1.4780395E-02  2.4815253E-03 -9.9356356E-04  1.6213299E-03
   5.2029300E-03  4.4009401E-03 -1.1309412E-02 -4.7194365E-02 -8.7735824E-02
  -7.4397817E-02 -4.0952291E-02 -9.2635183E-03  3.3309108E-03  1.9452776E-03
   8.1116142E-04  8.3128584E-04 -3.1258550E-03 -1.2058772E-02 -2.2117529E-02
  -3.2961376E-02 -3.8012248E-02 -3.1555917E-02 -2.2198508E-02 -1.3268442E-02
  -6.5258821E-03 -4.2023119E-03 -2.5777787E-03 -3.5141734E-04  5.1527461E-03
   1.1317780E-02  1.4599588E-02  1.1668663E-02 -5.8449179E-05 -1.5224041E-03
   3.2458610E-03 -1.0511597E-03 -1.7404906E-02 -3.6865693E-02 -5.2386757E-02
  -6.3026659E-02 -6.6270880E-02 -6.1813384E-02 -6.2681548E-02 -7.7400245E-02
  -6.9810465E-02 -5.3709488E-02 -2.4040019E-02 -1.0134565E-03  3.7291681E-03
  -1.4148972E-03 -4.6208957E-03 -5.6919013E-03 -6.9375704E-03 -1.0821676E-02
  -1.5943592E-02 -2.3548203E-02 -2.7238145E-02 -2.1786973E-02 -1.4401507E-02
  -8.2690027E-03 -5.0162855E-03 -5.0830003E-03 -4.0559885E-03  3.3696240E-05
   5.0809514E-03  9.4090514E-03  1.1337698E-02  6.4761834E-03 -7.9248380E-03
  -1.3728214E-02 -1.1375563E-02 -1.5793946E-02 -3.0629741E-02 -4.9278133E-02
  -6.8201602E-02 -8.3667740E-02 -8.7671354E-02 -7.7739321E-02 -6.9517083E-02
  -7.0958622E-02 -3.8763274E-02 -2.6894502E-02 -9.3884179E-03  1.4401088E-03
   2.4110924E-03 -4.1062897E-03 -9.5341010E-03 -1.0090780E-02 -7.5953719E-03
  -8.3303321E-03 -1.1789433E-02 -1.7305758E-02 -1.7937463E-02 -1.3758469E-02
  -9.0754526E-03 -5.4806517E-03 -4.9966862E-03 -6.0410546E-03 -6.2256139E-03
  -3.6039073E-03 -1.5814446E-03  7.4540603E-04  6.6064991E-04 -6.1648567E-03
  -1.6621929E-02 -2.0436557E-02 -1.7390475E-02 -1.8579755E-02 -2.7337192E-02
  -4.0478088E-02 -5.6211859E-02 -6.8869054E-02 -6.8758637E-02 -5.4724734E-02
  -4.3840840E-02 -4.1835424E-02 -2.7436754E-02 -2.9657643E-02 -3.1378780E-02
  -3.2537065E-02 -3.3110831E-02 -3.3124257E-02 -3.2639001E-02 -3.1748269E-02
  -3.0563185E-02 -2.9185679E-02 -2.7705720E-02 -2.6192697E-02 -2.4697745E-02
  -2.3252254E-02 -2.1861637E-02 -2.0511830E-02 -1.9175841E-02 -1.7823836E-02
  -1.6444953E-02 -1.5050038E-02 -1.3666689E-02 -1.2326203E-02 -1.1064939E-02
  -9.9362982E-03 -9.0119364E-03 -8.3684819E-03 -8.0850618E-03 -8.2428483E-03
  -8.8997735E-03 -1.0064896E-02 -1.1720007E-02 -1.3830269E-02 -1.6328996E-02
  -1.9098593E-02 -2.1989109E-02 -2.4827234E-02 -3.6772419E-02 -4.4009313E-02
  -4.9876347E-02 -5.3909779E-02 -5.5833731E-02 -5.5619814E-02 -5.3468689E-02
  -4.9764644E-02 -4.5041595E-02 -3.9888166E-02 -3.4867946E-02 -3.0395810E-02
  -2.6693394E-02 -2.3819331E-02 -2.1689268E-02 -2.0103792E-02 -1.8780783E-02
  -1.7417684E-02 -1.5769770E-02 -1.3698890E-02 -1.1203106E-02 -8.3960705E-03
  -5.4456284E-03 -2.5067460E-03  3.1049634E-04  2.9403789E-03  5.2665742E-03
   7.0426818E-03  7.8563839E-03  7.2554252E-03  4.9010613E-03  6.8999041E-04
  -5.2106893E-03 -1.2411105E-02 -2.0422753E-02 -2.8721349E-02 -2.4054414E-02
  -3.8797207E-02 -5.2230392E-02 -6.2545374E-02 -6.8536378E-02 -6.9668666E-02
  -6.5986544E-02 -5.8118537E-02 -4.7367223E-02 -3.5542689E-02 -2.4409575E-02
  -1.5251401E-02 -8.7350272E-03 -4.9740081E-03 -3.6699572E-03 -4.1989279E-03
  -5.6365621E-03 -6.9959555E-03 -7.5303419E-03 -6.9420626E-03 -5.3239055E-03
  -2.9550833E-03 -1.4111602E-04  2.9283816E-03  6.3441503E-03  1.0471069E-02
   1.5564633E-02  2.1322304E-02  2.6697900E-02  3.0262057E-02  3.0876689E-02
   2.8078323E-02  2.2097502E-02  1.3517478E-02  2.8135369E-03 -9.8249977E-03
   1.6113307E-02 -8.2728453E-03 -3.3126801E-02 -5.3947866E-02 -6.7759171E-02
  -7.2956927E-02 -6.8833426E-02 -5.5997916E-02 -3.7058838E-02 -1.6022116E-02
   3.4322287E-03  1.8723613E-02  2.8399896E-02  3.2140076E-02  3.0572269E-02
   2.5215181E-02  1.8409064E-02  1.2591824E-02  9.0540256E-03  7.3981583E-03
   6.5414091E-03  6.0172472E-03  5.9728366E-03  6.5358439E-03  8.1195207E-03
   1.1857187E-02  1.8651003E-02  2.7980192E-02  3.8099937E-02  4.7150008E-02
   5.3767987E-02  5.7174593E-02  5.7320297E-02  5.4460894E-02  4.7860734E-02
   3.5473041E-02  6.9050089E-02  3.4675039E-02 -2.5040016E-03 -3.4890965E-02
  -5.7430409E-02 -6.6977076E-02 -6.1988387E-02 -4.3906428E-02 -1.7530804E-02
   1.1312817E-02  3.8082663E-02  5.9037864E-02  7.1207829E-02  7.3470183E-02
   6.7071922E-02  5.5203117E-02  4.2483706E-02  3.3501714E-02  2.9815009E-02
   2.8589146E-02  2.5905656E-02  2.1268118E-02  1.6746970E-02  1.3260295E-02
   1.0995544E-02  1.2126123E-02  1.8570144E-02  2.8803708E-02  3.9992902E-02
   5.1699836E-02  6.4634502E-02  7.7976137E-02  8.9765616E-02  9.8573714E-02
   0.1013400      9.2520960E-02  0.1066344      6.7729041E-02  2.3302265E-02
  -1.7055761E-02 -4.5385439E-02 -5.6479715E-02 -4.8683044E-02 -2.5907993E-02
   4.1218605E-03  3.5492051E-02  6.5160267E-02  8.8911504E-02  0.1015349    
   0.1012530      9.0962954E-02  7.5510196E-02  6.0704693E-02  5.2350529E-02
   5.1709730E-02  5.2906215E-02  4.8988644E-02  4.0003676E-02  3.0731082E-02
   2.2610839E-02  1.4491493E-02  9.8749222E-03  1.2798508E-02  2.0448174E-02
   2.7990170E-02  3.7216835E-02  5.2453179E-02  7.3940463E-02  9.8187223E-02
   0.1206961      0.1345071      0.1307595      0.1078291      7.4754149E-02
   3.2256354E-02 -9.2002172E-03 -3.7475288E-02 -4.6117671E-02 -3.4721598E-02
  -9.6611213E-03  1.9871909E-02  4.9712338E-02  7.8364126E-02  0.1002898    
   0.1092489      0.1059377      9.6136145E-02  8.3734162E-02  7.2673447E-02
   6.8207219E-02  7.0334546E-02  7.1895160E-02  6.6051647E-02  5.3588495E-02
   4.0717803E-02  2.8664431E-02  1.4199019E-02  1.7286009E-03 -2.0275912E-03
   5.4145399E-05  4.8939406E-04  1.0894823E-03  9.8626958E-03  3.0649355E-02
   6.1986879E-02  9.6703812E-02  0.1217787      0.1255502      7.2456345E-02
   5.3545360E-02  2.0859445E-02 -1.3915422E-02 -3.5104979E-02 -3.8427014E-02
  -2.5518928E-02 -2.5235866E-03  2.3719449E-02  5.1799618E-02  7.8120351E-02
   9.3710102E-02  9.4547577E-02  8.8184752E-02  8.3006851E-02  7.7618949E-02
   7.2339788E-02  7.2094128E-02  7.5023629E-02  7.4895181E-02  6.8041310E-02
   5.4889686E-02  4.0941909E-02  2.7144363E-02  9.2881480E-03 -8.8508353E-03
  -1.9891638E-02 -2.4983002E-02 -3.3300746E-02 -4.5839407E-02 -5.1734645E-02
  -4.0659346E-02 -9.6240547E-03  3.2279197E-02  6.5857075E-02  7.8041680E-02
   1.9449584E-02  1.4449431E-02 -5.5931550E-03 -2.7546877E-02 -3.6695633E-02
  -3.4075744E-02 -2.2247829E-02 -5.1743654E-03  1.5004993E-02  4.0430181E-02
   6.3523136E-02  7.1499854E-02  6.3648306E-02  5.4537103E-02  5.3797092E-02
   5.4018751E-02  5.2846476E-02  5.5755846E-02  5.9354197E-02  5.8999889E-02
   5.4262429E-02  4.4184987E-02  3.2431643E-02  1.9347746E-02  2.3831918E-03
  -1.5666272E-02 -3.0544834E-02 -4.1925326E-02 -5.8473539E-02 -8.3025336E-02
  -0.1030340     -0.1032215     -7.8271709E-02 -3.8039766E-02 -3.1986360E-03
   1.4081980E-02 -2.5765363E-02 -2.4414053E-02 -3.4169361E-02 -4.2212378E-02
  -4.0140484E-02 -3.2609172E-02 -2.1387422E-02 -1.0580541E-02  1.4931380E-04
   1.7262384E-02  3.4212407E-02  3.7486602E-02  2.5526498E-02  1.4141273E-02
   1.3900652E-02  1.7088072E-02  2.0270303E-02  2.6632683E-02  3.2027040E-02
   3.3666700E-02  3.2805610E-02  2.8094672E-02  2.1191815E-02  9.7080162E-03
  -4.8295860E-03 -1.7899740E-02 -3.0690718E-02 -4.4480585E-02 -6.5986313E-02
  -9.5215321E-02 -0.1198427     -0.1261884     -0.1106505     -8.1118047E-02
  -5.2744303E-02 -3.5449572E-02 -4.4957530E-02 -4.4407751E-02 -4.9619123E-02
  -4.9824052E-02 -4.3160487E-02 -3.2153856E-02 -1.9030815E-02 -1.1736666E-02
  -1.1293679E-02 -8.3178328E-03 -1.1313716E-03  7.6272048E-04 -9.6855313E-03
  -2.1901047E-02 -2.4334537E-02 -1.8561330E-02 -8.4671853E-03  2.0230040E-03
   8.7609971E-03  1.1961275E-02  1.3574647E-02  1.3921843E-02  1.2444624E-02
   1.8712219E-03 -1.1254327E-02 -1.7983411E-02 -2.4175148E-02 -3.5443794E-02
  -5.6700382E-02 -8.1979081E-02 -0.1021829     -0.1096768     -0.1034338    
  -8.7162338E-02 -6.7984849E-02 -5.3822793E-02 -3.6132026E-02 -3.8186993E-02
  -4.4910178E-02 -4.6576012E-02 -4.2436332E-02 -2.9578974E-02 -1.5175020E-02
  -9.5236981E-03 -1.5011889E-02 -2.4131453E-02 -2.7436906E-02 -2.7161142E-02
  -3.3287168E-02 -4.2546179E-02 -4.5232300E-02 -3.7336539E-02 -2.2531107E-02
  -1.0290168E-02 -3.8272191E-03 -4.7464942E-04  1.7822454E-03  5.2940836E-03
   7.4139573E-03 -2.3572668E-03 -1.3575060E-02 -1.5059673E-02 -1.4816179E-02
  -2.1210613E-02 -3.7722424E-02 -5.4233924E-02 -6.7277834E-02 -7.3877096E-02
  -7.3023878E-02 -6.5124236E-02 -5.3412803E-02 -4.3738607E-02 -1.6191579E-02
  -1.8941404E-02 -2.8497953E-02 -3.5314154E-02 -3.5955578E-02 -2.3677338E-02
  -1.2456231E-02 -9.1687348E-03 -1.4674632E-02 -2.6928037E-02 -3.6707971E-02
  -3.9022017E-02 -4.0245168E-02 -4.2946048E-02 -4.2470213E-02 -3.5221122E-02
  -2.3092233E-02 -1.3536469E-02 -8.0266725E-03 -4.7019846E-03 -2.2687227E-03
   2.3279765E-03  5.0947978E-03 -2.6174940E-03 -9.7636562E-03 -8.6815562E-03
  -6.6347956E-03 -9.4781378E-03 -1.9225761E-02 -2.6410984E-02 -3.2099035E-02
  -3.5837959E-02 -3.6318600E-02 -3.2143738E-02 -2.6418028E-02 -2.2817945E-02
  -7.1624685E-03 -8.8076349E-03 -1.6787931E-02 -2.4027869E-02 -2.6720462E-02
  -1.7192401E-02 -1.0962817E-02 -1.0001488E-02 -1.3797755E-02 -2.2754258E-02
  -3.2312151E-02 -3.4437653E-02 -3.1799942E-02 -3.0051284E-02 -2.7237559E-02
  -2.1799400E-02 -1.4801883E-02 -9.6466355E-03 -5.7397098E-03 -2.8850776E-03
  -9.0897648E-04  2.8114135E-03  4.1733244E-03 -8.6364849E-04 -4.1474802E-03
  -3.6891904E-03 -4.0323199E-03 -5.6149117E-03 -8.8145705E-03 -8.6951209E-03
  -7.4827033E-03 -7.9698581E-03 -1.0347893E-02 -9.9341469E-03 -8.8286502E-03
  -1.1143350E-02 -2.7972676E-03 -7.3674781E-04  1.2949882E-03  3.2482906E-03
   5.0842036E-03  6.7726253E-03  8.2938140E-03  9.6529881E-03  1.0867523E-02
   1.1956085E-02  1.2922231E-02  1.3766532E-02  1.4479854E-02  1.5035510E-02
   1.5387508E-02  1.5479364E-02  1.5252255E-02  1.4652782E-02  1.3642856E-02
   1.2212860E-02  1.0382684E-02  8.1952931E-03  5.7122014E-03  3.0136891E-03
   2.0996958E-04 -2.5529042E-03 -5.0985659E-03 -7.2573205E-03 -8.9024249E-03
  -9.9579366E-03 -1.0395689E-02 -1.0224984E-02 -9.4919307E-03 -8.2752295E-03
  -6.6755344E-03 -4.8115109E-03 -4.2549227E-03  1.4783021E-03  6.7866398E-03
   1.1570774E-02  1.5751619E-02  1.9287236E-02  2.2155756E-02  2.4374748E-02
   2.6026623E-02  2.7272500E-02  2.8347176E-02  2.9496295E-02  3.0870857E-02
   3.2469820E-02  3.4115829E-02  3.5529308E-02  3.6399454E-02  3.6412086E-02
   3.5266370E-02  3.2711454E-02  2.8622653E-02  2.3065848E-02  1.6307509E-02
   8.7442398E-03  7.9548708E-04 -7.1575339E-03 -1.4749718E-02 -2.1530017E-02
  -2.6941331E-02 -3.0412761E-02 -3.1557415E-02 -3.0313717E-02 -2.6977802E-02
  -2.2110803E-02 -1.6356261E-02 -1.0277075E-02 -4.5789299E-03  5.3987294E-03
   1.4513134E-02  2.2441890E-02  2.8973849E-02  3.4090351E-02  3.7915397E-02
   4.0541254E-02  4.1975245E-02  4.2305186E-02  4.2061403E-02  4.2128582E-02
   4.3248650E-02  4.5531157E-02  4.8493009E-02  5.1560268E-02  5.4344382E-02
   5.6468349E-02  5.7243440E-02  5.5644099E-02  5.0731897E-02  4.2224471E-02
   3.0742377E-02  1.7536666E-02  3.8821946E-03 -9.4513707E-03 -2.2297991E-02
  -3.4453202E-02 -4.5011397E-02 -5.2391507E-02 -5.5181008E-02 -5.2940901E-02
  -4.6360444E-02 -3.6882304E-02 -2.6105745E-02 -1.5153279E-02 -9.0394169E-03
   5.2407067E-03  1.8471673E-02  2.9743781E-02  3.8549118E-02  4.4937264E-02
   4.9622517E-02  5.3366251E-02  5.5988360E-02  5.6674089E-02  5.5490982E-02
   5.4148536E-02  5.4528743E-02  5.6831114E-02  5.9788745E-02  6.2607214E-02
   6.5877311E-02  7.0319824E-02  7.5163573E-02  7.7857479E-02  7.5326562E-02
   6.5844752E-02  5.0051846E-02  3.0460449E-02  1.0145304E-02 -8.7505160E-03
  -2.5862213E-02 -4.1908525E-02 -5.6723021E-02 -6.8102449E-02 -7.3373236E-02
  -7.1542315E-02 -6.3599274E-02 -5.1634323E-02 -3.7836052E-02 -2.3507282E-02
  -1.4142494E-02  2.0428500E-03  1.7405558E-02  3.0736739E-02  4.1561231E-02
   4.9205065E-02  5.4214399E-02  5.8933988E-02  6.4199686E-02  6.7678951E-02
   6.7457661E-02  6.5560617E-02  6.5558814E-02  6.8042107E-02  7.0350014E-02
   7.1100585E-02  7.2536364E-02  7.7498950E-02  8.6002760E-02  9.4468683E-02
   9.7538568E-02  9.1302626E-02  7.5173229E-02  5.1150657E-02  2.3203006E-02
  -3.4729897E-03 -2.5927013E-02 -4.4725597E-02 -6.0856748E-02 -7.2931319E-02
  -7.8653641E-02 -7.7203318E-02 -6.9608957E-02 -5.7838704E-02 -4.4077937E-02
  -2.9571829E-02 -1.4451031E-02 -1.1300733E-03  1.1996130E-02  2.4460344E-02
   3.6579326E-02  4.5054935E-02  4.8484493E-02  5.1736113E-02  5.8227759E-02
   6.4803794E-02  6.7376472E-02  6.6844121E-02  6.7794815E-02  7.2454177E-02
   7.6876044E-02  7.7112943E-02  7.5744160E-02  7.7456281E-02  8.4266312E-02
   9.4516084E-02  0.1028396      0.1041228      9.5471621E-02  7.4792460E-02
   4.2858128E-02  8.0546355E-03 -2.1411858E-02 -4.3624066E-02 -5.9322737E-02
  -6.8313740E-02 -7.0300557E-02 -6.5939374E-02 -5.6908149E-02 -4.5572225E-02
  -3.4732707E-02 -2.5316227E-02 -1.1288778E-02 -4.4754115E-03  3.3754781E-03
   1.2848556E-02  2.3910331E-02  2.9464118E-02  2.7630640E-02  2.6772099E-02
   3.2119155E-02  4.0257584E-02  4.6998497E-02  5.0603539E-02  5.3570248E-02
   6.1251897E-02  7.0383772E-02  7.2265737E-02  6.7433156E-02  6.2140841E-02
   6.1533447E-02  6.8533435E-02  7.9588741E-02  9.0280913E-02  9.6245103E-02
   8.8852607E-02  6.2081862E-02  2.5276428E-02 -9.1509912E-03 -3.5686333E-02
  -5.1450901E-02 -5.6010026E-02 -5.1286578E-02 -3.9797414E-02 -2.5756020E-02
  -1.4725776E-02 -1.0870047E-02 -1.2536355E-02 -1.1000438E-02 -1.0226566E-02
  -6.3050441E-03  1.6113333E-03  8.5748946E-03  5.0448487E-03 -5.2190078E-03
  -1.0320924E-02 -6.5408493E-03  1.5381025E-03  1.2019142E-02  2.0834727E-02
   2.4137931E-02  2.9642060E-02  3.8619045E-02  3.8919393E-02  2.9466420E-02
   1.8438673E-02  1.2794838E-02  1.8566344E-02  3.3852283E-02  5.4706268E-02
   7.6580331E-02  8.6689472E-02  7.3568255E-02  4.4344701E-02  1.0868176E-02
  -1.9019367E-02 -3.5810757E-02 -3.6709975E-02 -2.5151715E-02 -5.3747674E-03
   1.3892201E-02  2.1832224E-02  1.3901837E-02 -2.1487349E-03 -1.7124599E-02
  -1.9086370E-02 -1.5059699E-02 -5.0033662E-03 -3.0039146E-03 -1.7431311E-02
  -3.4921836E-02 -4.2702120E-02 -3.9623924E-02 -3.2268837E-02 -2.1244561E-02
  -1.0480630E-02 -1.1337906E-02 -1.7582642E-02 -2.0008752E-02 -2.7905295E-02
  -4.1491818E-02 -5.1680833E-02 -5.2975934E-02 -3.9931431E-02 -1.4581488E-02
   1.6894480E-02  4.9067400E-02  7.1898125E-02  7.4301496E-02  5.8660727E-02
   3.2096852E-02  2.1625422E-03 -1.5561684E-02 -1.4544446E-02  1.5243836E-03
   2.6325710E-02  4.6893008E-02  4.8339244E-02  2.6781393E-02 -2.0438260E-03
  -2.6696801E-02 -2.8458087E-02 -2.1534538E-02 -7.9330420E-03 -8.7824985E-03
  -2.7846862E-02 -4.7098380E-02 -5.6709107E-02 -5.4235216E-02 -4.7237527E-02
  -3.9302789E-02 -3.2143246E-02 -4.0421460E-02 -6.2714733E-02 -8.2252316E-02
  -9.9627674E-02 -0.1139704     -0.1178709     -0.1083767     -8.2851484E-02
  -4.5891859E-02 -7.8823920E-03  2.4073072E-02  4.9824346E-02  6.3610107E-02
   6.1809178E-02  4.5743667E-02  1.9865345E-02  1.9500011E-03  2.5415637E-03
   1.9453077E-02  4.3645855E-02  6.1482925E-02  5.7395034E-02  2.6535535E-02
  -9.5345983E-03 -3.4043882E-02 -3.4030817E-02 -2.3784075E-02 -9.0688774E-03
  -1.0007453E-02 -2.5418891E-02 -4.2138424E-02 -5.3134110E-02 -5.1598504E-02
  -4.4679634E-02 -4.0384796E-02 -3.8994543E-02 -5.2713949E-02 -8.3450601E-02
  -0.1118166     -0.1315928     -0.1428359     -0.1406762     -0.1224590    
  -8.9318506E-02 -4.9793839E-02 -1.6913220E-02  3.3018510E-03  2.3374012E-02
   4.2726874E-02  5.2355982E-02  4.7846992E-02  2.8374564E-02  1.1080425E-02
   9.4277142E-03  2.3540141E-02  4.2152487E-02  5.5577867E-02  5.0639771E-02
   1.9235171E-02 -1.7002782E-02 -3.5992738E-02 -3.3376209E-02 -2.0326702E-02
  -6.9187819E-03 -6.3718911E-03 -1.5840398E-02 -3.0168019E-02 -4.0402554E-02
  -3.9433606E-02 -3.4158345E-02 -3.1640172E-02 -3.2975733E-02 -4.6569277E-02
  -7.2648145E-02 -9.5492087E-02 -0.1094093     -0.1154985     -0.1098597    
  -8.9483961E-02 -5.9563655E-02 -3.0929171E-02 -1.4717329E-02 -1.1845592E-02
  -9.7053230E-04  1.8765701E-02  3.5896759E-02  4.0256061E-02  2.6420875E-02
   1.1466602E-02  8.1197657E-03  1.7088331E-02  2.7660279E-02  3.6090031E-02
   3.2887351E-02  8.4132943E-03 -2.1061800E-02 -3.1603556E-02 -2.6989629E-02
  -1.3225933E-02 -1.5561214E-03  6.4545305E-04 -5.0978633E-03 -1.6912749E-02
  -2.3463607E-02 -2.3179799E-02 -2.1863947E-02 -2.0417389E-02 -2.1102335E-02
  -3.1138016E-02 -4.6321347E-02 -5.7866447E-02 -6.4293340E-02 -6.4851023E-02
  -5.6285866E-02 -3.8397115E-02 -1.9466447E-02 -7.8255525E-03 -9.1587435E-03
  -1.8879769E-02 -1.4951758E-02  1.5797090E-03  1.9715594E-02  2.6435414E-02
   1.6858170E-02  7.1111750E-03  3.9744182E-03  7.1603162E-03  1.0073925E-02
   1.3454584E-02  1.1424479E-02 -3.1711736E-03 -2.1490816E-02 -2.0141114E-02
  -1.5894653E-02 -5.9624212E-03  2.4448337E-03  4.7947424E-03  1.6646499E-03
  -4.5053964E-03 -7.6711141E-03 -9.2237610E-03 -1.0494943E-02 -9.9916225E-03
  -9.8937918E-03 -1.6443839E-02 -2.3006679E-02 -2.7211979E-02 -2.8705027E-02
  -2.4808800E-02 -1.4999108E-02 -2.5683148E-03  4.7364077E-03  3.4314757E-03
  -7.5972681E-03 -2.0746170E-02 -1.9075876E-02 -6.4121843E-03  6.8192570E-03
   1.1017405E-02  6.8494203E-03  3.7894845E-03  1.1910339E-03 -3.8263024E-04
  -2.3977046E-03 -1.7821612E-03 -1.6328900E-03 -7.4204928E-03 -1.5794389E-02
  -2.9542005E-02 -3.0473890E-02 -3.0733576E-02 -3.0406991E-02 -2.9596809E-02
  -2.8411111E-02 -2.6959836E-02 -2.5345301E-02 -2.3645809E-02 -2.1916781E-02
  -2.0186922E-02 -1.8453345E-02 -1.6704334E-02 -1.4938507E-02 -1.3168534E-02
  -1.1418290E-02 -9.7052278E-03 -8.0452133E-03 -6.4560389E-03 -4.9612061E-03
  -3.5929934E-03 -2.3981701E-03 -1.4437230E-03 -8.2319975E-04 -6.3393143E-04
  -9.6867559E-04 -1.9002332E-03 -3.4807208E-03 -5.7127313E-03 -8.5404366E-03
  -1.1833475E-02 -1.5411265E-02 -1.9048039E-02 -2.2490684E-02 -2.5493601E-02
  -2.7877131E-02 -5.8321308E-02 -5.8873888E-02 -5.6644365E-02 -5.2312464E-02
  -4.6818562E-02 -4.1111939E-02 -3.5901483E-02 -3.1521797E-02 -2.7939871E-02
  -2.4908792E-02 -2.2131586E-02 -1.9365309E-02 -1.6469296E-02 -1.3362558E-02
  -1.0018509E-02 -6.4751166E-03 -2.8419986E-03  6.8070373E-04  3.8634194E-03
   6.5398789E-03  8.6977072E-03  1.0495365E-02  1.2180293E-02  1.3934221E-02
   1.5689110E-02  1.7003337E-02  1.7124487E-02  1.5222644E-02  1.0698450E-02
   3.4251444E-03 -6.1492627E-03 -1.7149236E-02 -2.8518410E-02 -3.9184656E-02
  -4.8171554E-02 -5.4707251E-02 -8.3625466E-02 -8.3332352E-02 -7.5962991E-02
  -6.3177727E-02 -4.7989756E-02 -3.3821955E-02 -2.3186231E-02 -1.6862115E-02
  -1.4038600E-02 -1.3059912E-02 -1.2323697E-02 -1.0856332E-02 -8.3140554E-03
  -4.7459868E-03 -2.6246745E-04  5.0488845E-03  1.0856403E-02  1.6362201E-02
   2.0520771E-02  2.2598833E-02  2.2626678E-02  2.1457916E-02  2.0525089E-02
   2.1356648E-02  2.4823783E-02  3.0331535E-02  3.5607345E-02  3.7617423E-02
   3.4030002E-02  2.4351468E-02  9.7053768E-03 -8.1199370E-03 -2.7482128E-02
  -4.6740651E-02 -6.3903347E-02 -7.6794051E-02 -0.1022816     -0.1037545    
  -9.1163374E-02 -6.6966489E-02 -3.7317023E-02 -1.0271483E-02  7.7894717E-03
   1.4901578E-02  1.3396746E-02  7.7763642E-03  2.3703869E-03 -5.7067977E-05
   1.2373931E-03  5.4568048E-03  1.1571036E-02  1.9144056E-02  2.7699551E-02
   3.5659831E-02  4.0614646E-02  4.0857084E-02  3.6537983E-02  2.9490920E-02
   2.2646384E-02  1.9525260E-02  2.3201162E-02  3.4018356E-02  4.7870584E-02
   5.7875667E-02  5.9005789E-02  5.1070787E-02  3.6661532E-02  1.7538512E-02
  -6.4130891E-03 -3.4605037E-02 -6.3499168E-02 -8.7731205E-02 -0.1204162    
  -0.1227659     -0.1047383     -6.8657517E-02 -2.3055399E-02  1.8663984E-02
   4.5103904E-02  5.2518263E-02  4.4685137E-02  2.9426496E-02  1.4911273E-02
   7.1150078E-03  7.7802022E-03  1.4464814E-02  2.3262667E-02  3.2389008E-02
   4.2308781E-02  5.2158829E-02  5.8385786E-02  5.7439193E-02  4.8716348E-02
   3.5019405E-02  2.1263646E-02  1.2925898E-02  1.5161737E-02  3.0173242E-02
   5.2877609E-02  7.2044864E-02  7.9146892E-02  7.5059362E-02  6.4883195E-02
   4.8731007E-02  2.1544872E-02 -1.7808251E-02 -6.1719276E-02 -9.8756097E-02
  -0.1354434     -0.1339475     -0.1090721     -6.2418554E-02 -4.1168998E-03
   4.8066519E-02  7.8756265E-02  8.3176292E-02  6.6913046E-02  4.1290727E-02
   1.7989710E-02  5.1307208E-03  5.6877546E-03  1.6495403E-02  2.9582737E-02
   3.9444655E-02  4.8476055E-02  6.0084932E-02  7.0407361E-02  7.1193032E-02
   5.7708088E-02  3.3945650E-02  1.0844908E-02 -2.4463057E-03 -1.1364404E-03
   1.6790980E-02  4.6266839E-02  7.3222928E-02  8.5571699E-02  8.4291242E-02
   7.6529227E-02  6.1539449E-02  2.9976524E-02 -1.9446926E-02 -7.3125787E-02
  -0.1145561     -0.1313549     -0.1252372     -9.5432356E-02 -4.2268801E-02
   2.1877976E-02  7.5787544E-02  0.1025644      9.8033562E-02  7.0732422E-02
   3.6034517E-02  7.0417519E-03 -9.7613176E-03 -1.0798025E-02  3.4632054E-03
   2.2880998E-02  3.5158105E-02  4.3463573E-02  5.8207698E-02  7.6052763E-02
   8.0713235E-02  5.9784073E-02  1.9513950E-02 -1.6955500E-02 -3.3421922E-02
  -2.9041097E-02 -6.9739413E-03  2.7284481E-02  5.9465382E-02  7.5017914E-02
   7.3705547E-02  6.3787065E-02  4.6130780E-02  1.2771148E-02 -3.5692111E-02
  -8.3745345E-02 -0.1170703     -9.6835017E-02 -9.2623070E-02 -6.5475270E-02
  -1.3316286E-02  4.7670629E-02  9.4162509E-02  0.1109243      9.5150195E-02
   5.8039725E-02  1.7640319E-02 -1.4004834E-02 -3.4042552E-02 -3.8911577E-02
  -2.4724884E-02  3.4746822E-04  1.7895643E-02  2.8906204E-02  4.9606271E-02
   7.5827338E-02  8.2647644E-02  5.1761810E-02 -6.7581581E-03 -5.7008434E-02
  -7.4178860E-02 -6.2741496E-02 -3.4612302E-02  2.7766339E-03  3.6646649E-02
   5.1960062E-02  4.8012707E-02  3.4332003E-02  1.5296118E-02 -1.1395103E-02
  -4.3642953E-02 -7.0617743E-02 -8.7804891E-02 -4.1893262E-02 -4.5413159E-02
  -2.8667191E-02  1.4407959E-02  6.3608624E-02  9.6480466E-02  0.1023720    
   7.9386666E-02  3.9078280E-02 -2.2954571E-03 -3.4852255E-02 -5.6840006E-02
  -6.4895116E-02 -5.4881919E-02 -3.0338934E-02 -8.4114093E-03  8.6436104E-03
   3.7224296E-02  6.9049388E-02  7.4623272E-02  3.6804292E-02 -3.0708710E-02
  -8.7295532E-02 -0.1035838     -8.6752191E-02 -5.5148117E-02 -1.8407574E-02
   1.2441560E-02  2.3750557E-02  1.6539048E-02  1.8941739E-03 -1.2939475E-02
  -2.5224611E-02 -3.3827346E-02 -3.4591619E-02 -3.4875046E-02  9.3024736E-03
   2.8914242E-04  5.2725091E-03  3.5497196E-02  6.8864636E-02  8.6722113E-02
   8.3473913E-02  5.8035221E-02  2.0952551E-02 -1.7034519E-02 -4.7243532E-02
  -6.7040227E-02 -7.4121110E-02 -6.9654003E-02 -5.3727008E-02 -3.3422414E-02
  -1.1674765E-02  2.2126434E-02  5.4948274E-02  5.9400029E-02  2.4247622E-02
  -3.6025960E-02 -8.6597592E-02 -0.1017741     -8.6757019E-02 -5.9574220E-02
  -3.0172763E-02 -7.4268500E-03 -2.3525790E-03 -1.1613153E-02 -2.3462936E-02
  -2.9933723E-02 -2.6915500E-02 -1.6705247E-02  2.0442512E-03  1.3951900E-02
   3.8699772E-02  3.0034915E-02  2.7261088E-02  4.6335168E-02  6.6412136E-02
   7.2948910E-02  6.2106669E-02  3.4920994E-02  2.5402107E-03 -2.8519586E-02
  -4.9033120E-02 -6.0107183E-02 -6.2846772E-02 -6.1995815E-02 -5.7154663E-02
  -4.4409510E-02 -2.4397889E-02  6.6965702E-03  3.5939552E-02  4.3272298E-02
   2.0618979E-02 -2.0411648E-02 -5.5760372E-02 -6.9484532E-02 -6.2009566E-02
  -4.5715228E-02 -2.9040057E-02 -1.7750597E-02 -1.9278731E-02 -2.9602731E-02
  -3.7283286E-02 -3.4452651E-02 -2.0120392E-02 -1.9477605E-03  2.3488292E-02
   3.9606228E-02  4.2752039E-02  3.6085859E-02  2.9627183E-02  4.0657356E-02
   5.2810524E-02  5.4199383E-02  3.8525879E-02  1.0337549E-02 -1.6917592E-02
  -3.7226249E-02 -4.1140880E-02 -3.9477337E-02 -3.8804870E-02 -3.9496258E-02
  -4.1303415E-02 -3.6919117E-02 -2.4657223E-02 -4.1473391E-03  1.7421320E-02
   2.9375801E-02  2.1981513E-02  8.4911642E-04 -1.8050561E-02 -2.8726883E-02
  -2.8239375E-02 -2.1885166E-02 -1.6789367E-02 -1.6260862E-02 -2.3677686E-02
  -3.5084818E-02 -3.9164234E-02 -2.8400511E-02 -7.5881914E-03  9.7858366E-03
   3.0181739E-02  4.1952834E-02  2.8065456E-02  2.2177543E-02  1.5395157E-02
   2.0418735E-02  2.8135803E-02  2.8442143E-02  1.2811589E-02 -1.1123606E-02
  -2.9366240E-02 -3.6454421E-02 -2.6273444E-02 -1.5252463E-02 -1.3892596E-02
  -1.6371127E-02 -2.0162988E-02 -2.0800678E-02 -1.6955219E-02 -8.1901141E-03
   4.2273621E-03  1.7241271E-02  2.0027816E-02  1.1527819E-02  4.4546346E-03
  -2.2453512E-03 -5.2016880E-03 -3.8630669E-03 -4.2713610E-03 -9.4868513E-03
  -2.0009274E-02 -3.0954955E-02 -3.1630419E-02 -1.7024210E-02  4.1873199E-03
   1.6524589E-02  2.6019484E-02  2.8784992E-02  8.3474666E-03  3.7714911E-03
   1.9428546E-04  1.8267769E-03  7.1948469E-03  7.4683805E-03 -3.4632655E-03
  -1.8725200E-02 -2.6573975E-02 -2.4251755E-02 -1.1670028E-02 -1.6504155E-04
   1.3421781E-03 -2.4032937E-03 -6.0479315E-03 -8.1469174E-03 -9.1366321E-03
  -7.0246588E-03 -1.3224586E-03  8.6488398E-03  1.4616008E-02  1.1033155E-02
   8.9136567E-03  5.0073005E-03  1.4427684E-03  7.8874297E-04 -6.9236738E-04
  -6.1798561E-03 -1.4777463E-02 -2.1606298E-02 -1.9355915E-02 -6.7911884E-03
   8.3905263E-03  1.5021091E-02  1.5665354E-02  1.1509884E-02 -1.8789047E-02
  -1.9754520E-02 -2.0563515E-02 -2.1157045E-02 -2.1479566E-02 -2.1490779E-02
  -2.1172984E-02 -2.0538528E-02 -1.9622492E-02 -1.8488837E-02 -1.7227493E-02
  -1.5929462E-02 -1.4677176E-02 -1.3513576E-02 -1.2457679E-02 -1.1512211E-02
  -1.0681760E-02 -9.9753104E-03 -9.3838247E-03 -8.8881049E-03 -8.4808739E-03
  -8.1741847E-03 -7.9915132E-03 -7.9614781E-03 -8.1075775E-03 -8.4434431E-03
  -8.9696944E-03 -9.6488288E-03 -1.0430502E-02 -1.1299910E-02 -1.2247396E-02
  -1.3262386E-02 -1.4330511E-02 -1.5441137E-02 -1.6577736E-02 -1.7712228E-02
  -2.8331036E-02 -3.1456262E-02 -3.4105144E-02 -3.5921656E-02 -3.6637008E-02
  -3.6160614E-02 -3.4604587E-02 -3.2262836E-02 -2.9479260E-02 -2.6536357E-02
  -2.3608716E-02 -2.0818152E-02 -1.8320985E-02 -1.6305381E-02 -1.4940590E-02
  -1.4212884E-02 -1.3868654E-02 -1.3487574E-02 -1.2642265E-02 -1.1144936E-02
  -9.1620022E-03 -7.1070562E-03 -5.4174163E-03 -4.3647117E-03 -3.9840788E-03
  -4.1787517E-03 -4.8547150E-03 -5.9549822E-03 -7.4504344E-03 -9.2924330E-03
  -1.1410859E-02 -1.3736484E-02 -1.6240418E-02 -1.8950868E-02 -2.1893285E-02
  -2.5058379E-02 -3.2329474E-02 -3.8806815E-02 -4.3982249E-02 -4.6863820E-02
  -4.6751983E-02 -4.3676935E-02 -3.8621563E-02 -3.3207506E-02 -2.8868271E-02
  -2.6043177E-02 -2.4201384E-02 -2.2539133E-02 -2.0646943E-02 -1.8852340E-02
  -1.7999319E-02 -1.8760242E-02 -2.0802286E-02 -2.2580108E-02 -2.2171425E-02
  -1.8636452E-02 -1.2846491E-02 -6.8620830E-03 -2.4926157E-03 -2.9132023E-04
   3.3916160E-04  3.2165492E-04  2.5294960E-04  9.2686525E-05 -6.4708019E-04
  -2.2618962E-03 -4.6645352E-03 -7.5099156E-03 -1.0683808E-02 -1.4546892E-02
  -1.9522535E-02 -2.5600940E-02 -2.9227765E-02 -4.0720727E-02 -4.9355146E-02
  -5.3270530E-02 -5.0950509E-02 -4.2614117E-02 -3.1309698E-02 -2.1961320E-02
  -1.8225815E-02 -2.0152688E-02 -2.4844898E-02 -2.8826635E-02 -2.9858084E-02
  -2.7829286E-02 -2.4873517E-02 -2.4176072E-02 -2.7186923E-02 -3.1491786E-02
  -3.2052491E-02 -2.5570028E-02 -1.4064115E-02 -3.2701474E-03  2.3062290E-03
   2.4283251E-03 -9.7456628E-05 -2.3204740E-03 -2.4788314E-03 -3.1437262E-04
   2.8219454E-03  4.8786555E-03  5.2625095E-03  4.8625912E-03  3.9661452E-03
   9.3543349E-04 -6.0430467E-03 -1.6814604E-02 -1.8994149E-02 -3.6033124E-02
  -4.9196851E-02 -5.4717410E-02 -4.9184352E-02 -3.3614032E-02 -1.4648734E-02
  -1.7191671E-03 -1.1553294E-03 -1.1897526E-02 -2.7594758E-02 -4.1287377E-02
  -4.7915269E-02 -4.5641307E-02 -3.7605800E-02 -3.0956807E-02 -3.1358019E-02
  -3.7067313E-02 -3.8849287E-02 -2.8294129E-02 -7.8602843E-03  1.0521041E-02
   1.7049247E-02  1.1735061E-02  7.0107274E-04 -9.9282498E-03 -1.5358215E-02
  -1.2779484E-02 -3.9393501E-03  5.7811365E-03  1.3431268E-02  2.0055193E-02
   2.5530742E-02  2.5500258E-02  1.6254138E-02 -3.4124425E-04 -6.6415947E-03
  -2.7552828E-02 -4.6467531E-02 -5.3655710E-02 -4.2353503E-02 -1.7343441E-02
   9.3324091E-03  2.5129650E-02  2.1877857E-02  1.2868572E-03 -2.7040683E-02
  -5.2925717E-02 -6.8026066E-02 -6.8115816E-02 -5.7077330E-02 -4.5197763E-02
  -4.2182732E-02 -4.8354328E-02 -5.0309103E-02 -3.1828616E-02  5.3605996E-03
   4.0018801E-02  5.2054390E-02  3.9891191E-02  1.3495348E-02 -1.5214374E-02
  -3.4753017E-02 -3.7066873E-02 -2.3959350E-02 -5.4603000E-03  1.1622217E-02
   2.7181072E-02  3.9694887E-02  4.2474456E-02  3.1977318E-02  1.3458566E-02
   3.8205301E-03 -1.8506357E-02 -4.4192731E-02 -5.3417668E-02 -3.4650903E-02
   5.4037658E-04  3.3625882E-02  5.2449796E-02  4.7686014E-02  1.9199517E-02
  -2.0880036E-02 -5.8618259E-02 -8.2765825E-02 -8.8294260E-02 -8.0288433E-02
  -6.9321223E-02 -6.5639608E-02 -7.1223401E-02 -6.9672048E-02 -3.6689889E-02
   2.6040778E-02  8.5101992E-02  0.1068492      8.6078852E-02  3.7480522E-02
  -1.7709728E-02 -5.8206681E-02 -7.0264064E-02 -5.6331441E-02 -3.0671896E-02
  -4.5061214E-03  1.8144265E-02  3.3697139E-02  3.7576281E-02  3.0137135E-02
   1.8113507E-02  1.3324756E-02 -8.7056169E-03 -3.9575797E-02 -5.1289715E-02
  -2.8130772E-02  1.3603972E-02  5.0399683E-02  7.3009916E-02  7.0281923E-02
   3.7277184E-02 -1.1342371E-02 -5.6954216E-02 -8.7840743E-02 -0.1009578    
  -0.1011817     -9.5888026E-02 -9.3365327E-02 -9.6057087E-02 -8.5783109E-02
  -3.4212213E-02  5.4001283E-02  0.1341912      0.1625137      0.1315550    
   6.1649192E-02 -1.8572422E-02 -7.9610959E-02 -0.1026723     -9.0104811E-02
  -5.8756173E-02 -2.5329474E-02  1.0996856E-04  1.2877873E-02  1.5990803E-02
   1.6277166E-02  1.7609704E-02  2.2049423E-02  1.6660558E-03 -2.8265759E-02
  -4.0058669E-02 -1.8243507E-02  2.2954226E-02  5.9046302E-02  8.3614945E-02
   8.4241606E-02  5.1401090E-02  6.8294088E-04 -4.6428714E-02 -8.0881216E-02
  -0.1024084     -0.1114874     -0.1113571     -0.1095751     -0.1071274    
  -8.5117638E-02 -1.8725948E-02  8.1541657E-02  0.1660517      0.1905005    
   0.1519892      7.5353481E-02 -1.4433245E-02 -8.6701863E-02 -0.1170277    
  -0.1047520     -6.8605207E-02 -3.2305017E-02 -1.0265836E-02 -5.5856640E-03
  -5.8150822E-03  2.2487780E-03  1.7119553E-02  2.5388984E-02  8.3725275E-03
  -1.2961231E-02 -1.8674130E-02 -2.7997250E-04  3.3790838E-02  6.2636055E-02
   8.2208216E-02  8.3725214E-02  5.7780515E-02  1.4443927E-02 -2.7694507E-02
  -6.1828539E-02 -8.8481516E-02 -0.1017041     -0.1033443     -0.1023664    
  -9.5742375E-02 -6.5367393E-02  3.2227272E-03  9.3774185E-02  0.1611363    
   0.1720752      0.1340897      7.1984433E-02 -4.8289676E-03 -7.2552755E-02
  -0.1015357     -8.6733051E-02 -4.8659902E-02 -1.6406111E-02 -3.9256262E-03
  -1.0733539E-02 -1.7633423E-02 -7.2180685E-03  1.4838770E-02  1.9620255E-02
   7.2669922E-03 -2.2858325E-03  3.0611453E-03  2.0875599E-02  4.4049136E-02
   5.8841869E-02  6.4859420E-02  6.3421659E-02  5.0765667E-02  2.3931952E-02
  -7.5344490E-03 -3.5013188E-02 -5.7834849E-02 -6.8159223E-02 -6.9184288E-02
  -6.9926038E-02 -6.3746825E-02 -3.5359554E-02  1.8521417E-02  7.9552971E-02
   0.1158817      0.1129915      8.4898829E-02  5.0308384E-02  2.7407634E-03
  -4.4871073E-02 -6.3101597E-02 -4.5228709E-02 -1.0782221E-02  1.2429770E-02
   1.3178679E-02 -4.8686163E-03 -1.9226726E-02 -1.2066729E-02  8.2215881E-03
   8.2873376E-03  3.6175721E-04 -2.7464397E-04  1.4225638E-02  3.3163935E-02
   4.4577774E-02  4.3531172E-02  3.4011438E-02  2.8418900E-02  2.9636407E-02
   2.2919441E-02  6.6949292E-03 -8.3105387E-03 -1.9546734E-02 -2.3480244E-02
  -2.4098128E-02 -2.5864592E-02 -2.4163166E-02 -8.7868646E-03  1.8447775E-02
   4.2830721E-02  4.9545996E-02  4.1751735E-02  2.9280070E-02  2.0983931E-02
   4.8895651E-03 -1.6393006E-02 -2.1314407E-02 -4.1671074E-03  2.1719096E-02
   3.6396921E-02  2.7973766E-02  3.0650222E-03 -1.3501252E-02 -9.2742415E-03
   2.3181653E-03 -9.2940516E-04 -5.9033316E-03 -2.5856777E-03  1.3572708E-02
   3.0252783E-02  3.1956971E-02  2.0971667E-02  3.5261351E-03 -2.6689039E-03
   6.2987944E-03  1.5264216E-02  1.4293277E-02  9.5914686E-03  7.3482348E-03
   7.3620258E-03  6.3491468E-03  5.4595554E-03  3.4432027E-03  4.0565464E-03
   5.7939929E-03  3.1568713E-03 -5.6317546E-03 -9.0609752E-03 -6.4055668E-03
   2.2081328E-03  7.9788519E-03  5.8174352E-03  8.0095539E-03  2.0157339E-02
   3.5802610E-02  4.3862134E-02  3.0237224E-02  6.0838982E-03 -4.2878762E-03
   8.1550312E-04  2.5340109E-03 -4.1916850E-03 -8.2473485E-03 -4.3748319E-03
   7.8768926E-03  1.8030224E-02  1.4250432E-02  1.3404646E-03 -1.4735331E-02
  -1.6725222E-02 -6.6704485E-03  8.4335348E-03  1.5792420E-02  1.3213664E-02
   1.1447285E-02  1.2752222E-02  1.3523892E-02  1.4510584E-02  1.2269587E-02
   5.7666856E-03 -6.4738835E-03 -1.9164864E-02 -2.8259644E-02 -2.5208946E-02
  -1.4474861E-02 -5.1371841E-04  1.1729496E-02  1.5253224E-02  1.8333934E-02
   2.5843645E-02  3.2706920E-02  3.3900972E-02  1.9183576E-02  3.5167804E-03
   2.9750376E-03  8.6888224E-03  5.1526874E-03 -3.7206005E-02 -3.8141277E-02
  -3.9006714E-02 -3.9824788E-02 -4.0634803E-02 -4.1467577E-02 -4.2324986E-02
  -4.3196861E-02 -4.4064142E-02 -4.4900786E-02 -4.5659117E-02 -4.6274081E-02
  -4.6689793E-02 -4.6861805E-02 -4.6770740E-02 -4.6440173E-02 -4.5910288E-02
  -4.5202114E-02 -4.4317462E-02 -4.3256614E-02 -4.2031497E-02 -4.0664379E-02
  -3.9189268E-02 -3.7657697E-02 -3.6136631E-02 -3.4704905E-02 -3.3453826E-02
  -3.2487720E-02 -3.1885795E-02 -3.1681836E-02 -3.1859636E-02 -3.2373615E-02
  -3.3153500E-02 -3.4106314E-02 -3.5144672E-02 -3.6197685E-02 -3.0412674E-02
  -3.0180661E-02 -3.0038146E-02 -3.0346589E-02 -3.1400729E-02 -3.3364229E-02
  -3.6193218E-02 -3.9619155E-02 -4.3275639E-02 -4.6844989E-02 -5.0092131E-02
  -5.2906178E-02 -5.5239573E-02 -5.7017229E-02 -5.8146916E-02 -5.8530573E-02
  -5.8171265E-02 -5.7183988E-02 -5.5744074E-02 -5.4009207E-02 -5.2001566E-02
  -4.9584080E-02 -4.6570450E-02 -4.2887922E-02 -3.8684458E-02 -3.4319688E-02
  -3.0257784E-02 -2.6959553E-02 -2.4765885E-02 -2.3878612E-02 -2.4222359E-02
  -2.5480153E-02 -2.7171770E-02 -2.8770307E-02 -2.9894115E-02 -3.0400092E-02
   9.7066851E-04  6.5033943E-03  1.1320110E-02  1.4353550E-02  1.4397237E-02
   1.0639431E-02  3.3613588E-03 -6.0049314E-03 -1.5657589E-02 -2.4159852E-02
  -3.0917134E-02 -3.6276605E-02 -4.0925864E-02 -4.5307130E-02 -4.9395412E-02
  -5.2716348E-02 -5.4811995E-02 -5.5574879E-02 -5.5346575E-02 -5.4630600E-02
  -5.3554818E-02 -5.1604643E-02 -4.7989629E-02 -4.2372148E-02 -3.5324398E-02
  -2.8072499E-02 -2.1702150E-02 -1.6653212E-02 -1.2963356E-02 -1.0716444E-02
  -9.9457949E-03 -1.0339370E-02 -1.1040562E-02 -1.0797517E-02 -8.6264722E-03
  -4.4087465E-03  3.9116919E-02  5.1948179E-02  6.4508334E-02  7.4948519E-02
   7.9240255E-02  7.4007414E-02  5.9843235E-02  4.0937126E-02  2.2396922E-02
   7.9636658E-03 -1.1761730E-03 -6.4604403E-03 -1.0519971E-02 -1.5363554E-02
  -2.1735609E-02 -2.9473493E-02 -3.7609641E-02 -4.4635959E-02 -4.9592074E-02
  -5.2629840E-02 -5.3958785E-02 -5.2711640E-02 -4.7537301E-02 -3.8417887E-02
  -2.7620405E-02 -1.8420484E-02 -1.2708961E-02 -9.6770488E-03 -6.8932753E-03
  -3.0555152E-03  1.0832958E-03  4.1726422E-03  6.3067037E-03  9.5825996E-03
   1.6316168E-02  2.6721116E-02  5.1295284E-02  7.0050374E-02  9.3490236E-02
   0.1173195      0.1306365      0.1253545      0.1040123      7.5635329E-02
   4.8679084E-02  2.9036267E-02  1.9392349E-02  1.7573152E-02  1.8528629E-02
   1.8708976E-02  1.5975343E-02  7.6563084E-03 -6.8451818E-03 -2.3816913E-02
  -3.8633786E-02 -4.9477592E-02 -5.5967018E-02 -5.6093812E-02 -4.7925208E-02
  -3.2864351E-02 -1.6226145E-02 -4.4549257E-03 -7.8303384E-04 -2.6892065E-03
  -3.9572925E-03 -4.9230229E-04  6.3665784E-03  1.2490455E-02  1.5667098E-02
   1.8045967E-02  2.4130324E-02  3.5806753E-02  2.1616120E-02  4.4179689E-02
   8.1900522E-02  0.1245471      0.1501150      0.1450683      0.1165304    
   7.9981640E-02  4.6263225E-02  2.3172321E-02  1.6037207E-02  2.1226685E-02
   2.9889334E-02  3.8226753E-02  4.4746783E-02  4.2432819E-02  2.6259311E-02
   1.1320249E-03 -2.4547186E-02 -4.6111554E-02 -6.0228776E-02 -6.1990935E-02
  -4.9714908E-02 -2.8384633E-02 -6.4536487E-03  7.7490453E-03  9.7431010E-03
   2.6055889E-03 -4.5592817E-03 -4.3815188E-03  2.5811656E-03  1.0211349E-02
   1.2905722E-02  9.7461669E-03  7.0560267E-03  1.0553502E-02 -3.4301322E-02
  -1.1034485E-02  4.1644908E-02  0.1032635      0.1402414      0.1352893    
   9.9848054E-02  5.4867219E-02  1.4582641E-02 -9.5794434E-03 -1.0326046E-02
   5.1026391E-03  2.2077255E-02  3.6946245E-02  5.1730733E-02  5.6394193E-02
   4.1177448E-02  1.1096866E-02 -2.3301253E-02 -5.2823067E-02 -6.8914413E-02
  -6.6028908E-02 -4.6713278E-02 -2.1599861E-02 -5.3291104E-04  9.9853184E-03
   6.8853111E-03 -6.0282564E-03 -1.8393546E-02 -2.0601653E-02 -1.1767476E-02
   7.7518262E-04  6.2911361E-03 -2.3756891E-03 -1.9039204E-02 -3.2707755E-02
  -8.6036272E-02 -6.6103831E-02 -2.7828200E-03  7.0594452E-02  0.1136165    
   0.1096549      7.0711441E-02  1.8945640E-02 -2.6524777E-02 -4.9585070E-02
  -4.4184174E-02 -2.0177225E-02  4.5438968E-03  2.4003416E-02  4.1988187E-02
   4.7237217E-02  2.8904995E-02 -6.0848510E-03 -4.5336630E-02 -7.3033988E-02
  -7.7879906E-02 -6.0585622E-02 -3.1124238E-02 -5.7046581E-03  6.1687296E-03
   2.6261865E-03 -1.4047267E-02 -3.5464391E-02 -5.0022371E-02 -4.8322786E-02
  -3.0439787E-02 -6.6600768E-03  6.3236477E-03 -4.7356472E-03 -3.4119207E-02
  -6.6952795E-02 -0.1128546     -9.9735312E-02 -3.3420932E-02  4.1840039E-02
   8.3595559E-02  8.0617554E-02  4.3964166E-02 -7.1210954E-03 -5.1855400E-02
  -7.2830833E-02 -6.7867614E-02 -4.3041162E-02 -1.1779074E-02  1.3283707E-02
   3.1442266E-02  3.1616759E-02  6.4452724E-03 -3.2766927E-02 -7.0643805E-02
  -8.6052522E-02 -7.1477301E-02 -3.8117319E-02 -1.4882761E-03  2.0597909E-02
   2.0002231E-02 -3.1333589E-03 -4.0269110E-02 -7.2818607E-02 -8.6236417E-02
  -7.4490711E-02 -4.2939328E-02 -7.0158606E-03  1.2810661E-02  1.8744380E-03
  -3.3208013E-02 -7.8270614E-02 -0.1121917     -0.1064488     -4.4863936E-02
   2.5793724E-02  6.0863730E-02  5.5678915E-02  2.4616897E-02 -1.5851952E-02
  -5.1651008E-02 -7.0320949E-02 -7.1872935E-02 -5.2774366E-02 -1.7043347E-02
   1.3680684E-02  3.0896492E-02  2.6721945E-02 -1.0763020E-03 -3.8246766E-02
  -6.6874683E-02 -6.6368550E-02 -3.7627615E-02  7.4833888E-04  3.4056325E-02
   4.9537715E-02  4.0775895E-02  3.0438220E-03 -5.2566588E-02 -9.4925903E-02
  -0.1056316     -8.4357865E-02 -4.4186663E-02 -4.0415144E-03  1.6827837E-02
   7.4584372E-03 -2.5141720E-02 -7.1430020E-02 -9.2152379E-02 -8.9830957E-02
  -3.9309274E-02  2.2493085E-02  4.8132334E-02  3.7184995E-02  1.0941516E-02
  -1.3599034E-02 -3.5218462E-02 -4.9990684E-02 -5.6097075E-02 -4.2110484E-02
  -6.0596066E-03  2.4565116E-02  3.7476819E-02  3.1919148E-02  9.5237223E-03
  -1.7589539E-02 -3.1892322E-02 -1.9409411E-02  1.1097090E-02  4.0220831E-02
   6.0465954E-02  6.8465233E-02  5.8264066E-02  1.6824553E-02 -4.6215005E-02
  -9.1554083E-02 -9.9770226E-02 -7.5669706E-02 -3.8103160E-02 -4.0559778E-03
   1.3349083E-02  6.7926501E-03 -1.9061878E-02 -5.8302395E-02 -6.3399583E-02
  -5.8124065E-02 -2.2859501E-02  2.2746297E-02  3.6207631E-02  2.0798620E-02
  -7.5703062E-04 -1.0181827E-02 -1.6708890E-02 -2.3958368E-02 -2.8771996E-02
  -1.7963732E-02  1.1455366E-02  3.3906125E-02  3.8834743E-02  3.2701228E-02
   1.9303383E-02  4.6268394E-03  3.1715215E-03  2.0481711E-02  4.3703556E-02
   5.7589080E-02  6.3804448E-02  6.6765472E-02  5.8590807E-02  2.1964138E-02
  -3.4756877E-02 -7.3046133E-02 -7.9117306E-02 -5.8951467E-02 -3.1582244E-02
  -7.8200102E-03  6.2041492E-03  2.6084562E-03 -1.6868567E-02 -4.6103705E-02
  -3.8051572E-02 -2.7234554E-02 -6.9178552E-03  1.5843408E-02  1.5497652E-02
   9.4694353E-04 -1.3298055E-02 -1.1365222E-02 -5.5258512E-03 -3.9265910E-03
  -7.1659670E-03 -2.4967007E-03  1.4649065E-02  2.6496170E-02  2.5501538E-02
   2.0127421E-02  1.4233369E-02  8.4548267E-03  1.3519825E-02  3.0209459E-02
   4.4955950E-02  4.5872707E-02  4.2970430E-02  4.4513706E-02  3.9290652E-02
   1.1518008E-02 -3.0107129E-02 -5.4600667E-02 -5.8198527E-02 -4.4644751E-02
  -2.7699864E-02 -1.2186375E-02 -1.9868280E-04 -3.0636345E-03 -1.7523056E-02
  -3.6653001E-02 -2.6396282E-02 -1.4791603E-02 -4.2367610E-03  6.3757249E-04
  -7.8068040E-03 -1.7991817E-02 -2.4573138E-02 -1.7326705E-02 -6.7854864E-03
  -1.6820850E-03 -6.4158696E-03 -7.8285933E-03 -5.6823966E-04  4.2599565E-03
   2.6668524E-03  8.8995241E-04  7.2077906E-05 -3.0487127E-04  6.9364365E-03
   2.0917142E-02  2.9024746E-02  2.2122152E-02  1.5393514E-02  1.7066417E-02
   1.5372571E-02 -1.6418344E-03 -2.7245224E-02 -4.0152501E-02 -4.1706804E-02
  -3.4336701E-02 -2.4618613E-02 -1.4525761E-02 -5.8496874E-03 -1.0304785E-02
  -1.9671503E-02 -3.0556908E-02 -2.1902120E-02 -2.1290783E-02 -2.0559700E-02
  -1.9754291E-02 -1.8903622E-02 -1.8018376E-02 -1.7091345E-02 -1.6103599E-02
  -1.5032167E-02 -1.3858145E-02 -1.2570811E-02 -1.1181974E-02 -9.7037544E-03
  -8.1849433E-03 -6.7104497E-03 -5.3960597E-03 -4.3338556E-03 -3.5931231E-03
  -3.2244755E-03 -3.2522073E-03 -3.6810343E-03 -4.5046736E-03 -5.6979703E-03
  -7.2158370E-03 -8.9948904E-03 -1.0958753E-02 -1.2999675E-02 -1.5018388E-02
  -1.6925380E-02 -1.8635411E-02 -2.0078838E-02 -2.1205677E-02 -2.1988479E-02
  -2.2428056E-02 -2.2536598E-02 -2.2341698E-02 -3.7116367E-02 -3.6447540E-02
  -3.5639532E-02 -3.4833565E-02 -3.4156125E-02 -3.3657301E-02 -3.3246648E-02
  -3.2666542E-02 -3.1538181E-02 -2.9484380E-02 -2.6259109E-02 -2.1894537E-02
  -1.6696015E-02 -1.1178410E-02 -5.9154825E-03 -1.4288593E-03  1.9711298E-03
   4.1725435E-03  5.2108578E-03  5.1963511E-03  4.2316848E-03  2.3894378E-03
  -2.6604685E-04 -3.6496683E-03 -7.6329783E-03 -1.2060633E-02 -1.6729869E-02
  -2.1435866E-02 -2.5927121E-02 -2.9909888E-02 -3.3118002E-02 -3.5408348E-02
  -3.6811545E-02 -3.7496530E-02 -3.7690874E-02 -3.7548173E-02 -3.4710083E-02
  -3.5688169E-02 -3.7343044E-02 -3.9820220E-02 -4.3032996E-02 -4.6712849E-02
  -5.0456900E-02 -5.3544078E-02 -5.4790683E-02 -5.2960131E-02 -4.7344420E-02
  -3.8211141E-02 -2.6797377E-02 -1.4784078E-02 -3.9207870E-03  4.4521950E-03
   9.7190887E-03  1.2139001E-02  1.2608546E-02  1.2065806E-02  1.0887006E-02
   8.8465251E-03  5.6327214E-03  1.3242943E-03 -3.6413311E-03 -8.8541461E-03
  -1.4186678E-02 -1.9552071E-02 -2.4764564E-02 -2.9417232E-02 -3.2874070E-02
  -3.4685906E-02 -3.5011753E-02 -3.4532830E-02 -3.4094181E-02 -3.4173258E-02
  -2.1718382E-03 -4.1772779E-03 -1.0501142E-02 -2.1023288E-02 -3.4137551E-02
  -4.7789253E-02 -6.0664609E-02 -7.1585216E-02 -7.8371957E-02 -7.8626141E-02
  -7.1298398E-02 -5.7288501E-02 -3.8768169E-02 -1.8748209E-02 -9.4131660E-04
   1.1388526E-02  1.6968442E-02  1.7138384E-02  1.5162488E-02  1.4217458E-02
   1.4922313E-02  1.5138240E-02  1.2595816E-02  7.2955331E-03  1.0232864E-03
  -4.6230834E-03 -9.1111213E-03 -1.2795812E-02 -1.6314380E-02 -1.9607363E-02
  -2.1475825E-02 -2.0501446E-02 -1.6609810E-02 -1.1376332E-02 -6.6530658E-03
  -3.3983141E-03  4.6525475E-02  4.6732116E-02  3.6194351E-02  1.5879668E-02
  -1.0206146E-02 -3.7119351E-02 -6.1826702E-02 -8.2912758E-02 -9.7384445E-02
  -0.1016438     -9.4955169E-02 -7.8987449E-02 -5.4889299E-02 -2.6113106E-02
  -1.9785287E-04  1.6061151E-02  2.1034412E-02  1.7754856E-02  1.2385124E-02
   1.1540017E-02  1.6590318E-02  2.1916872E-02  2.1498132E-02  1.5260246E-02
   7.1726176E-03  3.6326365E-04 -3.7884600E-03 -5.5238903E-03 -6.7567285E-03
  -8.7253638E-03 -9.6334256E-03 -6.5308828E-03  1.5155084E-03  1.3085047E-02
   2.6009854E-02  3.8221739E-02  7.8986019E-02  8.3823793E-02  7.1509086E-02
   4.5443803E-02  1.0698292E-02 -2.6606217E-02 -6.0950167E-02 -9.0262249E-02
  -0.1113237     -0.1200180     -0.1172312     -0.1035922     -7.5667962E-02
  -3.7854310E-02 -4.7771307E-03  1.3617044E-02  1.8099677E-02  1.3574220E-02
   6.5213135E-03  5.2107694E-03  1.2493479E-02  2.1324741E-02  2.3441361E-02
   1.8795772E-02  1.2311235E-02  7.1437987E-03  5.1881587E-03  6.1101047E-03
   6.0907397E-03  2.6157373E-03 -1.7919465E-03 -2.8048051E-03  2.5663155E-03
   1.6224379E-02  3.6937658E-02  6.0368426E-02  7.5158663E-02  8.5237809E-02
   7.4938484E-02  5.1121339E-02  1.7036006E-02 -2.3158424E-02 -6.0590446E-02
  -9.2614420E-02 -0.1187269     -0.1354898     -0.1421985     -0.1332024    
  -0.1001222     -5.3541265E-02 -1.6905973E-02  6.6042203E-04  5.5859410E-03
   4.1388832E-03 -5.4984371E-04 -3.0992266E-03  2.5646202E-04  6.1130645E-03
   9.0401080E-03  9.0050278E-03  8.8401074E-03  1.1047283E-02  1.7331274E-02
   2.4197225E-02  2.4408456E-02  1.5837036E-02  2.0932413E-03 -1.1968459E-02
  -1.8730316E-02 -9.3193529E-03  1.5497278E-02  4.7478121E-02  4.2393528E-02
   5.8525037E-02  5.4048378E-02  3.7864894E-02  1.1854170E-02 -2.2306304E-02
  -5.4060254E-02 -8.2659751E-02 -0.1141517     -0.1459033     -0.1680611    
  -0.1629036     -0.1222594     -6.9226235E-02 -3.2574307E-02 -1.6910179E-02
  -1.2558179E-02 -1.1806275E-02 -1.2685913E-02 -1.5310291E-02 -1.8259084E-02
  -1.9458164E-02 -1.7653745E-02 -1.3712054E-02 -8.1727728E-03  3.6386154E-03
   2.3516996E-02  4.0261712E-02  4.1643530E-02  2.6923740E-02  6.2979589E-04
  -3.1061037E-02 -5.2656502E-02 -4.8481926E-02 -2.3531068E-02  9.9882251E-03
   5.3340103E-03  2.6150897E-02  2.7540028E-02  1.8117098E-02  2.7745159E-03
  -1.7436584E-02 -3.6601204E-02 -5.8328610E-02 -9.3908109E-02 -0.1404758    
  -0.1766431     -0.1740719     -0.1296807     -7.6401144E-02 -4.1594561E-02
  -2.8550565E-02 -3.0281063E-02 -3.4468852E-02 -3.4326445E-02 -3.4340538E-02
  -3.8723424E-02 -4.3162167E-02 -4.2257223E-02 -3.8599499E-02 -3.3753313E-02
  -1.7467959E-02  1.4635472E-02  4.2591039E-02  4.8465226E-02  3.0709421E-02
  -6.2818010E-03 -5.1063508E-02 -7.9678513E-02 -7.5981498E-02 -5.4245323E-02
  -2.6632788E-02 -1.4052832E-02  4.3980600E-03  6.0591246E-03 -7.4911618E-04
  -5.9445668E-03 -9.0061966E-03 -1.5029341E-02 -3.0226965E-02 -6.3602492E-02
  -0.1114373     -0.1499409     -0.1512948     -0.1148288     -6.9645435E-02
  -3.8457602E-02 -3.1405091E-02 -4.4817317E-02 -5.8132783E-02 -5.9020016E-02
  -5.4547414E-02 -5.4050397E-02 -5.5071946E-02 -5.4092776E-02 -5.4351445E-02
  -5.5433527E-02 -4.3501832E-02 -7.3828748E-03  2.9325534E-02  4.2722605E-02
   2.7490299E-02 -1.2704785E-02 -5.9059389E-02 -8.3570927E-02 -7.6385319E-02
  -6.0061384E-02 -4.1152749E-02 -1.0292191E-02 -2.3469070E-03 -6.9942344E-03
  -1.4098599E-02 -1.2194911E-02 -3.3217929E-03 -1.4110862E-03 -1.1238189E-02
  -3.5395563E-02 -6.9343857E-02 -9.8564051E-02 -0.1062827     -8.6804636E-02
  -5.4387491E-02 -2.9400684E-02 -3.0685510E-02 -5.2526399E-02 -6.9810763E-02
  -7.0085578E-02 -6.1017469E-02 -5.4401759E-02 -5.1920164E-02 -5.2596834E-02
  -5.7219602E-02 -6.3479833E-02 -6.1167594E-02 -3.0072175E-02  9.9821305E-03
   2.9696794E-02  2.1564933E-02 -1.0795865E-02 -4.7558315E-02 -6.3605271E-02
  -5.3697087E-02 -4.2423580E-02 -3.0033574E-02  4.3441188E-03  1.5810132E-03
  -1.0229687E-02 -1.8611558E-02 -1.5694462E-02 -5.3016013E-03  6.9080625E-04
  -1.9493789E-03 -1.6284570E-02 -3.5974227E-02 -5.5853903E-02 -6.8396471E-02
  -6.1839335E-02 -4.0033065E-02 -2.2406090E-02 -2.7599704E-02 -4.6104122E-02
  -5.9499260E-02 -5.8441799E-02 -4.5993250E-02 -3.6229398E-02 -3.6462810E-02
  -4.2464744E-02 -5.0649777E-02 -5.8766242E-02 -6.3961200E-02 -4.1760743E-02
  -4.8499601E-03  1.6252477E-02  1.6676519E-02 -5.5929529E-05 -2.3014024E-02
  -3.4223754E-02 -2.4826044E-02 -1.6444661E-02 -7.9936637E-03  1.2494571E-02
   6.2936195E-03 -7.8728497E-03 -1.7311269E-02 -1.8367615E-02 -1.2005337E-02
  -1.1705067E-03  4.7504944E-03 -4.4715623E-03 -1.8625794E-02 -3.5000160E-02
  -4.6182599E-02 -4.1710157E-02 -2.6480995E-02 -1.5524939E-02 -1.8233968E-02
  -2.7100081E-02 -3.5547771E-02 -3.5072200E-02 -2.1884497E-02 -1.1526523E-02
  -1.7092656E-02 -2.8618600E-02 -4.0463220E-02 -4.9771026E-02 -5.5649620E-02
  -4.0487364E-02 -1.1063072E-02  8.5411472E-03  1.5362460E-02  1.1354342E-02
  -1.7538059E-03 -1.2866505E-02 -7.1713305E-03 -6.2573131E-04  5.5410047E-03
   1.1505409E-02  7.0689470E-03 -4.5944871E-03 -1.2326789E-02 -1.6410016E-02
  -1.1928638E-02  1.3353488E-03  9.7033940E-03  3.1391738E-03 -5.6151021E-03
  -1.7611736E-02 -2.2886842E-02 -1.7474741E-02 -8.2722986E-03 -3.6852267E-03
  -5.1958128E-03 -9.6630538E-03 -1.4199283E-02 -1.3672492E-02 -4.3599368E-03
   3.9553740E-03 -2.4519074E-03 -1.4603371E-02 -2.8586768E-02 -3.9638665E-02
  -4.1718658E-02 -3.0845186E-02 -9.5028561E-03  8.9779161E-03  1.7093804E-02
   1.5694385E-02  6.4600497E-03 -5.4039359E-03 -5.6589637E-03 -1.2560892E-03
   6.4381771E-03  1.5426727E-03  1.9064570E-03  2.2814232E-03  2.6442294E-03
   2.9299525E-03  3.0433259E-03  2.8791656E-03  2.3420092E-03  1.3651077E-03
  -9.0985930E-05 -2.0381261E-03 -4.4489023E-03 -7.2422088E-03 -1.0273020E-02
  -1.3377129E-02 -1.6389284E-02 -1.9156497E-02 -2.1543643E-02 -2.3413479E-02
  -2.4629358E-02 -2.5090031E-02 -2.4748851E-02 -2.3623638E-02 -2.1801379E-02
  -1.9423354E-02 -1.6651863E-02 -1.3671666E-02 -1.0686247E-02 -7.8822467E-03
  -5.4112044E-03 -3.3736078E-03 -1.7975565E-03 -6.4674811E-04  1.6369707E-04
   7.3594530E-04  1.1684666E-03  6.5247919E-03  7.6789698E-03  9.3931779E-03
   1.1580713E-02  1.4158883E-02  1.6944401E-02  1.9563396E-02  2.1408634E-02
   2.1819236E-02  2.0295640E-02  1.6636202E-02  1.0944220E-02  3.5278019E-03
  -5.1663714E-03 -1.4579867E-02 -2.4029542E-02 -3.2767091E-02 -4.0138979E-02
  -4.5729551E-02 -4.9383070E-02 -5.1032566E-02 -5.0542340E-02 -4.7709320E-02
  -4.2425603E-02 -3.4924909E-02 -2.5888165E-02 -1.6386690E-02 -7.6057874E-03
  -5.0861482E-04  4.3862159E-03  7.0542414E-03  7.9040332E-03  7.5934343E-03
   6.8303877E-03  6.1850492E-03  6.0154004E-03  4.3365541E-03  7.9386607E-03
   1.2006790E-02  1.6458675E-02  2.1882296E-02  2.8785102E-02  3.6776233E-02
   4.4420965E-02  4.9705662E-02  5.0925847E-02  4.7405779E-02  3.9491467E-02
   2.7906014E-02  1.3291948E-02 -3.5564618E-03 -2.1097748E-02 -3.7040580E-02
  -4.9337339E-02 -5.7361364E-02 -6.2029961E-02 -6.4565539E-02 -6.5069549E-02
  -6.2310405E-02 -5.4807834E-02 -4.2193241E-02 -2.5840173E-02 -8.5369833E-03
   6.3715167E-03  1.6172444E-02  1.9924296E-02  1.8500639E-02  1.3918722E-02
   8.4895557E-03  4.1005788E-03  1.8435151E-03  2.0147620E-03 -1.1113682E-03
   7.2559542E-03  1.4082596E-02  1.9423878E-02  2.5661381E-02  3.5180230E-02
   4.8120815E-02  6.2278155E-02  7.3966309E-02  7.9665191E-02  7.7792160E-02
   6.8960287E-02  5.4479863E-02  3.4999181E-02  1.1140761E-02 -1.4500683E-02
  -3.7019964E-02 -5.1866341E-02 -5.8295377E-02 -6.0104359E-02 -6.2030587E-02
  -6.4979561E-02 -6.5360092E-02 -5.8665752E-02 -4.3114211E-02 -2.0450437E-02
   4.5604017E-03  2.5257455E-02  3.5886332E-02  3.4721915E-02  2.4560159E-02
   1.0636543E-02 -1.9785587E-03 -9.9947015E-03 -1.2089335E-02 -8.5320184E-03
  -1.4369665E-03  1.2565915E-02  2.0169672E-02  2.2573937E-02  2.5919067E-02
   3.5267871E-02  5.0685715E-02  6.9106400E-02  8.6041316E-02  9.6253142E-02
   9.6350066E-02  8.6584345E-02  6.8865329E-02  4.4536337E-02  1.5360890E-02
  -1.4479511E-02 -3.9002821E-02 -5.3259954E-02 -5.6465998E-02 -5.4084551E-02
  -5.4602351E-02 -6.0814127E-02 -6.6485412E-02 -6.3490376E-02 -4.8093066E-02
  -2.0661153E-02  1.3679739E-02  4.3653820E-02  5.7580359E-02  5.1786765E-02
   3.1124534E-02  4.4447561E-03 -1.8138543E-02 -2.9378898E-02 -2.7971644E-02
  -1.7028144E-02  1.2901147E-02  3.2127339E-02  3.4786858E-02  2.5075961E-02
   1.7395655E-02  2.2177450E-02  3.8215213E-02  5.9612960E-02  8.0360122E-02
   9.3438059E-02  9.4680563E-02  8.4729128E-02  6.4797886E-02  3.6459222E-02
   4.7057490E-03 -2.3092013E-02 -4.3014798E-02 -5.4930419E-02 -5.7245962E-02
  -5.0836273E-02 -4.6474490E-02 -5.3497549E-02 -6.5678999E-02 -7.0635207E-02
  -6.0453337E-02 -3.0825604E-02  1.4508806E-02  5.7728510E-02  7.9093494E-02
   7.2137222E-02  4.1625589E-02 -9.5347728E-04 -3.7269805E-02 -5.0465092E-02
  -3.9438687E-02 -1.4648186E-02  4.2018417E-02  6.6533990E-02  5.8527324E-02
   2.6479354E-02 -2.4622160E-03 -8.2661044E-03  7.2566252E-03  3.3098400E-02
   5.8602545E-02  7.2833821E-02  7.3446006E-02  6.4593077E-02  4.5654915E-02
   1.6773434E-02 -1.4790908E-02 -3.8448334E-02 -5.1868077E-02 -6.0708471E-02
  -6.1147228E-02 -4.5903753E-02 -2.9024955E-02 -3.1639673E-02 -5.1902913E-02
  -7.1399420E-02 -7.3747620E-02 -4.7124643E-02  6.6313054E-03  6.2057052E-02
   9.1540843E-02  8.5775174E-02  4.6667989E-02 -1.1989945E-02 -6.0478199E-02
  -7.0930049E-02 -4.4426113E-02 -8.7134237E-04  7.1552798E-02  0.1009297    
   8.2101464E-02  2.7465817E-02 -2.3977697E-02 -4.2927358E-02 -3.0124968E-02
   9.7141565E-05  3.1981546E-02  4.7320336E-02  4.5279853E-02  3.5596393E-02
   1.7581724E-02 -8.7996675E-03 -3.8303535E-02 -6.1164301E-02 -7.2021462E-02
  -7.4928083E-02 -6.3980155E-02 -3.1720992E-02  1.3348606E-03  5.8106850E-03
  -2.2022363E-02 -5.9961624E-02 -8.1325434E-02 -6.5572053E-02 -1.0840440E-02
   5.2679382E-02  8.9460544E-02  8.4280230E-02  3.6829606E-02 -3.2442342E-02
  -8.3491564E-02 -8.4756762E-02 -4.2601120E-02  1.5996762E-02  8.4157132E-02
   0.1155774      9.0937518E-02  2.5103481E-02 -3.6990270E-02 -6.4251378E-02
  -5.6358591E-02 -2.6026208E-02  1.0068574E-02  2.6660150E-02  2.1648321E-02
   8.3778389E-03 -1.1458201E-02 -3.4921281E-02 -6.1882611E-02 -8.7603189E-02
  -0.1004404     -9.4197132E-02 -6.2154021E-02 -9.9447044E-03  3.3538964E-02
   4.2937685E-02  1.2367763E-02 -3.9584294E-02 -8.0207773E-02 -8.1252262E-02
  -3.3444032E-02  3.4935921E-02  7.8941599E-02  7.2721757E-02  1.8489905E-02
  -5.1360313E-02 -9.3806654E-02 -8.4280014E-02 -3.4884889E-02  2.6140461E-02
   7.5243615E-02  0.1039487      7.7812262E-02  1.2583853E-02 -4.5660414E-02
  -7.2230965E-02 -6.7577504E-02 -4.1346177E-02 -8.5860249E-03  5.5581825E-03
  -3.1492129E-04 -1.2800367E-02 -3.0259224E-02 -4.9622204E-02 -7.4581228E-02
  -0.1029625     -0.1188088     -0.1051711     -5.5468109E-02  8.8256598E-03
   5.2826643E-02  6.2953010E-02  3.5960749E-02 -1.8466590E-02 -6.9187798E-02
  -8.4395051E-02 -4.6887022E-02  2.1807652E-02  6.8970740E-02  6.0953207E-02
   6.8283346E-03 -5.3031914E-02 -8.2378842E-02 -6.8323873E-02 -2.4832867E-02
   2.5676353E-02  5.4252308E-02  7.5671993E-02  4.8929311E-02 -1.0783630E-02
  -5.8078825E-02 -7.7140525E-02 -7.0402540E-02 -4.8251811E-02 -2.7564108E-02
  -2.3232874E-02 -2.7708452E-02 -2.8848911E-02 -3.1711631E-02 -4.2501900E-02
  -6.5233454E-02 -9.2845045E-02 -0.1096001     -9.5057555E-02 -4.4606641E-02
   1.5873821E-02  5.3190500E-02  6.0687762E-02  3.9995406E-02 -5.0886907E-03
  -5.1083528E-02 -6.9273263E-02 -4.0347200E-02  1.9672409E-02  5.9128307E-02
   4.9272135E-02  5.2572275E-03 -3.7725415E-02 -5.5620007E-02 -4.4683848E-02
  -1.6861944E-02  1.7707473E-02  3.1729035E-02  4.3194052E-02  1.7534623E-02
  -3.1783927E-02 -6.5010697E-02 -7.4315764E-02 -6.3365892E-02 -4.4867732E-02
  -3.9745793E-02 -4.8422299E-02 -5.1220521E-02 -3.8093418E-02 -2.2775441E-02
  -2.2820037E-02 -4.0464021E-02 -6.2785566E-02 -7.6953426E-02 -6.6220798E-02
  -3.0772362E-02  1.0782853E-02  3.6509410E-02  3.9296500E-02  2.3735471E-02
  -5.1552742E-03 -3.5641901E-02 -4.7238499E-02 -2.4149133E-02  1.9242926E-02
   4.3127488E-02  3.2408446E-02  2.8160270E-03 -2.2628343E-02 -2.9942228E-02
  -2.2962380E-02 -1.2638971E-02  7.2943736E-03  1.0809097E-02  1.3574249E-02
  -4.9753147E-03 -3.4928370E-02 -5.1704478E-02 -5.3221557E-02 -4.2711996E-02
  -3.1257872E-02 -3.7696831E-02 -5.3084005E-02 -5.4713372E-02 -3.7606366E-02
  -1.7757146E-02 -1.2383630E-02 -2.1101516E-02 -3.4609932E-02 -4.3649700E-02
  -3.6716186E-02 -1.8755503E-02 -4.1175040E-04  1.0280652E-02  7.3885443E-03
  -2.9648757E-03 -1.5246105E-02 -3.0308029E-02 -3.5832863E-02 -1.8846883E-02
   7.7021243E-03  2.0324644E-02  1.1964150E-02 -6.4081755E-03 -1.8146761E-02
  -1.5376474E-02 -9.8291859E-03 -1.2269185E-02 -3.6369313E-03 -7.6092901E-03
  -7.6739085E-03 -1.4577496E-02 -2.4142804E-02 -2.9226108E-02 -2.8321108E-02
  -2.2989001E-02 -2.0155894E-02 -3.0177230E-02 -4.3977160E-02 -4.5010954E-02
  -3.3042416E-02 -2.0471167E-02 -1.5997987E-02 -1.6096532E-02 -2.1122035E-02
  -2.5809785E-02 -2.3383580E-02 -1.6455891E-02 -1.2388880E-02 -1.3025864E-02
  -1.8406982E-02 -2.1953426E-02 -2.3717156E-02 -3.0397601E-02 -3.4410253E-02
  -2.4739105E-02 -1.1405418E-02 -3.2453034E-03 -6.4747995E-03 -1.5837546E-02
  -1.7437102E-02 -1.0145010E-02 -8.0188755E-03 -1.6110484E-02 -1.4623428E-02
